player:( 47, 400)
 0  (106,416)[1,12]
 1  (108,416)[1,12]
 2  (111,416)[1,12]
 3  (113,416)[1,12]
 4  (116,416)[1,12]
 5  (119,416)[1,12]
 6  (122,416)[1,12]
 7  (125,416)[1,12]
 8  (129,416)[1,12]
 9  (133,416)[1,12]
10  (137,416)[1,12]
11  (142,416)[1,12]
12  (148,416)[1,12]
13  (154,416)[1,12]
14  (160,416)[1,12]
15  (168,416)[1,12]
16  (177,416)[1,12]
17  (187,416)[1,12]
18  (199,416)[1,12]
19  (213,416)[1,12]
20  (229,416)[1,12]
21  (250,416)[1,12]
22  (275,416)[1,12]
23  (308,416)[1,12]
24  (352,416)[1,12]
25  (413,416)[1,12]
26  (505,416)[1,12]
27  (658,416)[1,12]
28  (963,416)[1,12]
29  (1880,416)[1,12]
30  (1880,416)[1,12]
31  (1995,383)[1,12]
32  (1020,383)[1,12]
33  (696,383)[1,12]
34  (533,383)[1,12]
35  (436,383)[1,12]
36  (371,383)[1,12]
37  (324,383)[1,12]
38  (290,383)[1,12]
39  (263,383)[1,12]
40  (241,383)[1,12]
41  (223,383)[1,12]
42  (208,383)[1,12]
43  (196,383)[1,12]
44  (185,383)[1,12]
45  (176,383)[1,12]
46  (167,383)[1,12]
47  (160,383)[1,12]
48  (154,383)[1,12]
49  (148,383)[1,12]
50  (143,383)[1,12]
51  (138,383)[1,12]
52  (134,383)[1,12]
53  (130,383)[1,12]
54  (126,383)[1,12]
55  (123,383)[1,12]
56  (120,383)[1,12]
57  (117,383)[1,12]
58  (115,383)[1,12]
59  (112,383)[1,12]
60  (110,383)[1,12]

player:( 46, 400)
 0  (105,416)[1,12]
 1  (107,416)[1,12]
 2  (110,416)[1,12]
 3  (112,416)[1,12]
 4  (115,416)[1,12]
 5  (118,416)[1,12]
 6  (121,416)[1,12]
 7  (124,416)[1,12]
 8  (128,416)[1,12]
 9  (132,416)[1,12]
10  (136,416)[1,12]
11  (141,416)[1,12]
12  (147,416)[1,12]
13  (153,416)[1,12]
14  (159,416)[1,12]
15  (167,416)[1,12]
16  (176,416)[1,12]
17  (186,416)[1,12]
18  (198,416)[1,12]
19  (212,416)[1,12]
20  (228,416)[1,12]
21  (249,416)[1,12]
22  (274,416)[1,12]
23  (307,416)[1,12]
24  (351,416)[1,12]
25  (412,416)[1,12]
26  (504,416)[1,12]
27  (657,416)[1,12]
28  (962,416)[1,12]
29  (1879,416)[1,12]
30  (1879,416)[1,12]
31  (1994,383)[1,12]
32  (1019,383)[1,12]
33  (695,383)[1,12]
34  (532,383)[1,12]
35  (435,383)[1,12]
36  (370,383)[1,12]
37  (323,383)[1,12]
38  (289,383)[1,12]
39  (262,383)[1,12]
40  (240,383)[1,12]
41  (222,383)[1,12]
42  (207,383)[1,12]
43  (195,383)[1,12]
44  (184,383)[1,12]
45  (175,383)[1,12]
46  (166,383)[1,12]
47  (159,383)[1,12]
48  (153,383)[1,12]
49  (147,383)[1,12]
50  (142,383)[1,12]
51  (137,383)[1,12]
52  (133,383)[1,12]
53  (129,383)[1,12]
54  (125,383)[1,12]
55  (122,383)[1,12]
56  (119,383)[1,12]
57  (116,383)[1,12]
58  (114,383)[1,12]
59  (111,383)[1,12]
60  (109,383)[1,12]

player:( 45, 400)
 0  (104,416)[1,12]
 1  (106,416)[1,12]
 2  (109,416)[1,12]
 3  (111,416)[1,12]
 4  (114,416)[1,12]
 5  (117,416)[1,12]
 6  (120,416)[1,12]
 7  (123,416)[1,12]
 8  (127,416)[1,12]
 9  (131,416)[1,12]
10  (135,416)[1,12]
11  (140,416)[1,12]
12  (146,416)[1,12]
13  (152,416)[1,12]
14  (158,416)[1,12]
15  (166,416)[1,12]
16  (175,416)[1,12]
17  (185,416)[1,12]
18  (197,416)[1,12]
19  (211,416)[1,12]
20  (227,416)[1,12]
21  (248,416)[1,12]
22  (273,416)[1,12]
23  (306,416)[1,12]
24  (350,416)[1,12]
25  (411,416)[1,12]
26  (503,416)[1,12]
27  (656,416)[1,12]
28  (961,416)[1,12]
29  (1878,416)[1,12]
30  (1878,416)[1,12]
31  (1993,383)[1,12]
32  (1018,383)[1,12]
33  (694,383)[1,12]
34  (531,383)[1,12]
35  (434,383)[1,12]
36  (369,383)[1,12]
37  (322,383)[1,12]
38  (288,383)[1,12]
39  (261,383)[1,12]
40  (239,383)[1,12]
41  (221,383)[1,12]
42  (206,383)[1,12]
43  (194,383)[1,12]
44  (183,383)[1,12]
45  (174,383)[1,12]
46  (165,383)[1,12]
47  (158,383)[1,12]
48  (152,383)[1,12]
49  (146,383)[1,12]
50  (141,383)[1,12]
51  (136,383)[1,12]
52  (132,383)[1,12]
53  (128,383)[1,12]
54  (124,383)[1,12]
55  (121,383)[1,12]
56  (118,383)[1,12]
57  (115,383)[1,12]
58  (113,383)[1,12]
59  (110,383)[1,12]
60  (108,383)[1,12]

player:( 44, 400)
 0  (103,416)[1,12]
 1  (105,416)[1,12]
 2  (108,416)[1,12]
 3  (110,416)[1,12]
 4  (113,416)[1,12]
 5  (116,416)[1,12]
 6  (119,416)[1,12]
 7  (122,416)[1,12]
 8  (126,416)[1,12]
 9  (130,416)[1,12]
10  (134,416)[1,12]
11  (139,416)[1,12]
12  (145,416)[1,12]
13  (151,416)[1,12]
14  (157,416)[1,12]
15  (165,416)[1,12]
16  (174,416)[1,12]
17  (184,416)[1,12]
18  (196,416)[1,12]
19  (210,416)[1,12]
20  (226,416)[1,12]
21  (247,416)[1,12]
22  (272,416)[1,12]
23  (305,416)[1,12]
24  (349,416)[1,12]
25  (410,416)[1,12]
26  (502,416)[1,12]
27  (655,416)[1,12]
28  (960,416)[1,12]
29  (1877,416)[1,12]
30  (1877,416)[1,12]
31  (1992,383)[1,12]
32  (1017,383)[1,12]
33  (693,383)[1,12]
34  (530,383)[1,12]
35  (433,383)[1,12]
36  (368,383)[1,12]
37  (321,383)[1,12]
38  (287,383)[1,12]
39  (260,383)[1,12]
40  (238,383)[1,12]
41  (220,383)[1,12]
42  (205,383)[1,12]
43  (193,383)[1,12]
44  (182,383)[1,12]
45  (173,383)[1,12]
46  (164,383)[1,12]
47  (157,383)[1,12]
48  (151,383)[1,12]
49  (145,383)[1,12]
50  (140,383)[1,12]
51  (135,383)[1,12]
52  (131,383)[1,12]
53  (127,383)[1,12]
54  (123,383)[1,12]
55  (120,383)[1,12]
56  (117,383)[1,12]
57  (114,383)[1,12]
58  (112,383)[1,12]
59  (109,383)[1,12]
60  (107,383)[1,12]

player:( 43, 400)
 0  (102,416)[1,12]
 1  (104,416)[1,12]
 2  (107,416)[1,12]
 3  (109,416)[1,12]
 4  (112,416)[1,12]
 5  (115,416)[1,12]
 6  (118,416)[1,12]
 7  (121,416)[1,12]
 8  (125,416)[1,12]
 9  (129,416)[1,12]
10  (133,416)[1,12]
11  (138,416)[1,12]
12  (144,416)[1,12]
13  (150,416)[1,12]
14  (156,416)[1,12]
15  (164,416)[1,12]
16  (173,416)[1,12]
17  (183,416)[1,12]
18  (195,416)[1,12]
19  (209,416)[1,12]
20  (225,416)[1,12]
21  (246,416)[1,12]
22  (271,416)[1,12]
23  (304,416)[1,12]
24  (348,416)[1,12]
25  (409,416)[1,12]
26  (501,416)[1,12]
27  (654,416)[1,12]
28  (959,416)[1,12]
29  (1876,416)[1,12]
30  (1876,416)[1,12]
31  (1991,383)[1,12]
32  (1016,383)[1,12]
33  (692,383)[1,12]
34  (529,383)[1,12]
35  (432,383)[1,12]
36  (367,383)[1,12]
37  (320,383)[1,12]
38  (286,383)[1,12]
39  (259,383)[1,12]
40  (237,383)[1,12]
41  (219,383)[1,12]
42  (204,383)[1,12]
43  (192,383)[1,12]
44  (181,383)[1,12]
45  (172,383)[1,12]
46  (163,383)[1,12]
47  (156,383)[1,12]
48  (150,383)[1,12]
49  (144,383)[1,12]
50  (139,383)[1,12]
51  (134,383)[1,12]
52  (130,383)[1,12]
53  (126,383)[1,12]
54  (122,383)[1,12]
55  (119,383)[1,12]
56  (116,383)[1,12]
57  (113,383)[1,12]
58  (111,383)[1,12]
59  (108,383)[1,12]
60  (106,383)[1,12]

player:( 42, 400)
 0  (101,416)[1,12]
 1  (103,416)[1,12]
 2  (106,416)[1,12]
 3  (108,416)[1,12]
 4  (111,416)[1,12]
 5  (114,416)[1,12]
 6  (117,416)[1,12]
 7  (120,416)[1,12]
 8  (124,416)[1,12]
 9  (128,416)[1,12]
10  (132,416)[1,12]
11  (137,416)[1,12]
12  (143,416)[1,12]
13  (149,416)[1,12]
14  (155,416)[1,12]
15  (163,416)[1,12]
16  (172,416)[1,12]
17  (182,416)[1,12]
18  (194,416)[1,12]
19  (208,416)[1,12]
20  (224,416)[1,12]
21  (245,416)[1,12]
22  (270,416)[1,12]
23  (303,416)[1,12]
24  (347,416)[1,12]
25  (408,416)[1,12]
26  (500,416)[1,12]
27  (653,416)[1,12]
28  (958,416)[1,12]
29  (1875,416)[1,12]
30  (1875,416)[1,12]
31  (1990,383)[1,12]
32  (1015,383)[1,12]
33  (691,383)[1,12]
34  (528,383)[1,12]
35  (431,383)[1,12]
36  (366,383)[1,12]
37  (319,383)[1,12]
38  (285,383)[1,12]
39  (258,383)[1,12]
40  (236,383)[1,12]
41  (218,383)[1,12]
42  (203,383)[1,12]
43  (191,383)[1,12]
44  (180,383)[1,12]
45  (171,383)[1,12]
46  (162,383)[1,12]
47  (155,383)[1,12]
48  (149,383)[1,12]
49  (143,383)[1,12]
50  (138,383)[1,12]
51  (133,383)[1,12]
52  (129,383)[1,12]
53  (125,383)[1,12]
54  (121,383)[1,12]
55  (118,383)[1,12]
56  (115,383)[1,12]
57  (112,383)[1,12]
58  (110,383)[1,12]
59  (107,383)[1,12]
60  (105,383)[1,12]

player:( 41, 400)
 0  (100,416)[1,12]
 1  (102,416)[1,12]
 2  (105,416)[1,12]
 3  (107,416)[1,12]
 4  (110,416)[1,12]
 5  (113,416)[1,12]
 6  (116,416)[1,12]
 7  (119,416)[1,12]
 8  (123,416)[1,12]
 9  (127,416)[1,12]
10  (131,416)[1,12]
11  (136,416)[1,12]
12  (142,416)[1,12]
13  (148,416)[1,12]
14  (154,416)[1,12]
15  (162,416)[1,12]
16  (171,416)[1,12]
17  (181,416)[1,12]
18  (193,416)[1,12]
19  (207,416)[1,12]
20  (223,416)[1,12]
21  (244,416)[1,12]
22  (269,416)[1,12]
23  (302,416)[1,12]
24  (346,416)[1,12]
25  (407,416)[1,12]
26  (499,416)[1,12]
27  (652,416)[1,12]
28  (957,416)[1,12]
29  (1874,416)[1,12]
30  (1874,416)[1,12]
31  (1989,383)[1,12]
32  (1014,383)[1,12]
33  (690,383)[1,12]
34  (527,383)[1,12]
35  (430,383)[1,12]
36  (365,383)[1,12]
37  (318,383)[1,12]
38  (284,383)[1,12]
39  (257,383)[1,12]
40  (235,383)[1,12]
41  (217,383)[1,12]
42  (202,383)[1,12]
43  (190,383)[1,12]
44  (179,383)[1,12]
45  (170,383)[1,12]
46  (161,383)[1,12]
47  (154,383)[1,12]
48  (148,383)[1,12]
49  (142,383)[1,12]
50  (137,383)[1,12]
51  (132,383)[1,12]
52  (128,383)[1,12]
53  (124,383)[1,12]
54  (120,383)[1,12]
55  (117,383)[1,12]
56  (114,383)[1,12]
57  (111,383)[1,12]
58  (109,383)[1,12]
59  (106,383)[1,12]
60  (104,383)[1,12]

player:( 40, 400)
 0  ( 99,416)[1,12]
 1  (101,416)[1,12]
 2  (104,416)[1,12]
 3  (106,416)[1,12]
 4  (109,416)[1,12]
 5  (112,416)[1,12]
 6  (115,416)[1,12]
 7  (118,416)[1,12]
 8  (122,416)[1,12]
 9  (126,416)[1,12]
10  (130,416)[1,12]
11  (135,416)[1,12]
12  (141,416)[1,12]
13  (147,416)[1,12]
14  (153,416)[1,12]
15  (161,416)[1,12]
16  (170,416)[1,12]
17  (180,416)[1,12]
18  (192,416)[1,12]
19  (206,416)[1,12]
20  (222,416)[1,12]
21  (243,416)[1,12]
22  (268,416)[1,12]
23  (301,416)[1,12]
24  (345,416)[1,12]
25  (406,416)[1,12]
26  (498,416)[1,12]
27  (651,416)[1,12]
28  (956,416)[1,12]
29  (1873,416)[1,12]
30  (1873,416)[1,12]
31  (1988,383)[1,12]
32  (1013,383)[1,12]
33  (689,383)[1,12]
34  (526,383)[1,12]
35  (429,383)[1,12]
36  (364,383)[1,12]
37  (317,383)[1,12]
38  (283,383)[1,12]
39  (256,383)[1,12]
40  (234,383)[1,12]
41  (216,383)[1,12]
42  (201,383)[1,12]
43  (189,383)[1,12]
44  (178,383)[1,12]
45  (169,383)[1,12]
46  (160,383)[1,12]
47  (153,383)[1,12]
48  (147,383)[1,12]
49  (141,383)[1,12]
50  (136,383)[1,12]
51  (131,383)[1,12]
52  (127,383)[1,12]
53  (123,383)[1,12]
54  (119,383)[1,12]
55  (116,383)[1,12]
56  (113,383)[1,12]
57  (110,383)[1,12]
58  (108,383)[1,12]
59  (105,383)[1,12]
60  (103,383)[1,12]

player:( 39, 400)
 0  ( 98,416)[1,12]
 1  (100,416)[1,12]
 2  (103,416)[1,12]
 3  (105,416)[1,12]
 4  (108,416)[1,12]
 5  (111,416)[1,12]
 6  (114,416)[1,12]
 7  (117,416)[1,12]
 8  (121,416)[1,12]
 9  (125,416)[1,12]
10  (129,416)[1,12]
11  (134,416)[1,12]
12  (140,416)[1,12]
13  (146,416)[1,12]
14  (152,416)[1,12]
15  (160,416)[1,12]
16  (169,416)[1,12]
17  (179,416)[1,12]
18  (191,416)[1,12]
19  (205,416)[1,12]
20  (221,416)[1,12]
21  (242,416)[1,12]
22  (267,416)[1,12]
23  (300,416)[1,12]
24  (344,416)[1,12]
25  (405,416)[1,12]
26  (497,416)[1,12]
27  (650,416)[1,12]
28  (955,416)[1,12]
29  (1872,416)[1,12]
30  (1872,416)[1,12]
31  (1987,383)[1,12]
32  (1012,383)[1,12]
33  (688,383)[1,12]
34  (525,383)[1,12]
35  (428,383)[1,12]
36  (363,383)[1,12]
37  (316,383)[1,12]
38  (282,383)[1,12]
39  (255,383)[1,12]
40  (233,383)[1,12]
41  (215,383)[1,12]
42  (200,383)[1,12]
43  (188,383)[1,12]
44  (177,383)[1,12]
45  (168,383)[1,12]
46  (159,383)[1,12]
47  (152,383)[1,12]
48  (146,383)[1,12]
49  (140,383)[1,12]
50  (135,383)[1,12]
51  (130,383)[1,12]
52  (126,383)[1,12]
53  (122,383)[1,12]
54  (118,383)[1,12]
55  (115,383)[1,12]
56  (112,383)[1,12]
57  (109,383)[1,12]
58  (107,383)[1,12]
59  (104,383)[1,12]
60  (102,383)[1,12]

player:( 38, 400)
 0  ( 97,416)[1,12]
 1  ( 99,416)[1,12]
 2  (102,416)[1,12]
 3  (104,416)[1,12]
 4  (107,416)[1,12]
 5  (110,416)[1,12]
 6  (113,416)[1,12]
 7  (116,416)[1,12]
 8  (120,416)[1,12]
 9  (124,416)[1,12]
10  (128,416)[1,12]
11  (133,416)[1,12]
12  (139,416)[1,12]
13  (145,416)[1,12]
14  (151,416)[1,12]
15  (159,416)[1,12]
16  (168,416)[1,12]
17  (178,416)[1,12]
18  (190,416)[1,12]
19  (204,416)[1,12]
20  (220,416)[1,12]
21  (241,416)[1,12]
22  (266,416)[1,12]
23  (299,416)[1,12]
24  (343,416)[1,12]
25  (404,416)[1,12]
26  (496,416)[1,12]
27  (649,416)[1,12]
28  (954,416)[1,12]
29  (1871,416)[1,12]
30  (1871,416)[1,12]
31  (1986,383)[1,12]
32  (1011,383)[1,12]
33  (687,383)[1,12]
34  (524,383)[1,12]
35  (427,383)[1,12]
36  (362,383)[1,12]
37  (315,383)[1,12]
38  (281,383)[1,12]
39  (254,383)[1,12]
40  (232,383)[1,12]
41  (214,383)[1,12]
42  (199,383)[1,12]
43  (187,383)[1,12]
44  (176,383)[1,12]
45  (167,383)[1,12]
46  (158,383)[1,12]
47  (151,383)[1,12]
48  (145,383)[1,12]
49  (139,383)[1,12]
50  (134,383)[1,12]
51  (129,383)[1,12]
52  (125,383)[1,12]
53  (121,383)[1,12]
54  (117,383)[1,12]
55  (114,383)[1,12]
56  (111,383)[1,12]
57  (108,383)[1,12]
58  (106,383)[1,12]
59  (103,383)[1,12]
60  (101,383)[1,12]

player:( 37, 400)
 0  ( 96,416)[1,12]
 1  ( 98,416)[1,12]
 2  (101,416)[1,12]
 3  (103,416)[1,12]
 4  (106,416)[1,12]
 5  (109,416)[1,12]
 6  (112,416)[1,12]
 7  (115,416)[1,12]
 8  (119,416)[1,12]
 9  (123,416)[1,12]
10  (127,416)[1,12]
11  (132,416)[1,12]
12  (138,416)[1,12]
13  (144,416)[1,12]
14  (150,416)[1,12]
15  (158,416)[1,12]
16  (167,416)[1,12]
17  (177,416)[1,12]
18  (189,416)[1,12]
19  (203,416)[1,12]
20  (219,416)[1,12]
21  (240,416)[1,12]
22  (265,416)[1,12]
23  (298,416)[1,12]
24  (342,416)[1,12]
25  (403,416)[1,12]
26  (495,416)[1,12]
27  (648,416)[1,12]
28  (953,416)[1,12]
29  (1870,416)[1,12]
30  (1870,416)[1,12]
31  (1985,383)[1,12]
32  (1010,383)[1,12]
33  (686,383)[1,12]
34  (523,383)[1,12]
35  (426,383)[1,12]
36  (361,383)[1,12]
37  (314,383)[1,12]
38  (280,383)[1,12]
39  (253,383)[1,12]
40  (231,383)[1,12]
41  (213,383)[1,12]
42  (198,383)[1,12]
43  (186,383)[1,12]
44  (175,383)[1,12]
45  (166,383)[1,12]
46  (157,383)[1,12]
47  (150,383)[1,12]
48  (144,383)[1,12]
49  (138,383)[1,12]
50  (133,383)[1,12]
51  (128,383)[1,12]
52  (124,383)[1,12]
53  (120,383)[1,12]
54  (116,383)[1,12]
55  (113,383)[1,12]
56  (110,383)[1,12]
57  (107,383)[1,12]
58  (105,383)[1,12]
59  (102,383)[1,12]
60  (100,383)[1,12]

player:( 36, 400)
 0  ( 95,416)[1,12]
 1  ( 97,416)[1,12]
 2  (100,416)[1,12]
 3  (102,416)[1,12]
 4  (105,416)[1,12]
 5  (108,416)[1,12]
 6  (111,416)[1,12]
 7  (114,416)[1,12]
 8  (118,416)[1,12]
 9  (122,416)[1,12]
10  (126,416)[1,12]
11  (131,416)[1,12]
12  (137,416)[1,12]
13  (143,416)[1,12]
14  (149,416)[1,12]
15  (157,416)[1,12]
16  (166,416)[1,12]
17  (176,416)[1,12]
18  (188,416)[1,12]
19  (202,416)[1,12]
20  (218,416)[1,12]
21  (239,416)[1,12]
22  (264,416)[1,12]
23  (297,416)[1,12]
24  (341,416)[1,12]
25  (402,416)[1,12]
26  (494,416)[1,12]
27  (647,416)[1,12]
28  (952,416)[1,12]
29  (1869,416)[1,12]
30  (1869,416)[1,12]
31  (1984,383)[1,12]
32  (1009,383)[1,12]
33  (685,383)[1,12]
34  (522,383)[1,12]
35  (425,383)[1,12]
36  (360,383)[1,12]
37  (313,383)[1,12]
38  (279,383)[1,12]
39  (252,383)[1,12]
40  (230,383)[1,12]
41  (212,383)[1,12]
42  (197,383)[1,12]
43  (185,383)[1,12]
44  (174,383)[1,12]
45  (165,383)[1,12]
46  (156,383)[1,12]
47  (149,383)[1,12]
48  (143,383)[1,12]
49  (137,383)[1,12]
50  (132,383)[1,12]
51  (127,383)[1,12]
52  (123,383)[1,12]
53  (119,383)[1,12]
54  (115,383)[1,12]
55  (112,383)[1,12]
56  (109,383)[1,12]
57  (106,383)[1,12]
58  (104,383)[1,12]
59  (101,383)[1,12]
60  ( 99,383)[1,12]

player:( 35, 400)
 0  ( 94,416)[1,12]
 1  ( 96,416)[1,12]
 2  ( 99,416)[1,12]
 3  (101,416)[1,12]
 4  (104,416)[1,12]
 5  (107,416)[1,12]
 6  (110,416)[1,12]
 7  (113,416)[1,12]
 8  (117,416)[1,12]
 9  (121,416)[1,12]
10  (125,416)[1,12]
11  (130,416)[1,12]
12  (136,416)[1,12]
13  (142,416)[1,12]
14  (148,416)[1,12]
15  (156,416)[1,12]
16  (165,416)[1,12]
17  (175,416)[1,12]
18  (187,416)[1,12]
19  (201,416)[1,12]
20  (217,416)[1,12]
21  (238,416)[1,12]
22  (263,416)[1,12]
23  (296,416)[1,12]
24  (340,416)[1,12]
25  (401,416)[1,12]
26  (493,416)[1,12]
27  (646,416)[1,12]
28  (951,416)[1,12]
29  (1868,416)[1,12]
30  (1868,416)[1,12]
31  (1983,383)[1,12]
32  (1008,383)[1,12]
33  (684,383)[1,12]
34  (521,383)[1,12]
35  (424,383)[1,12]
36  (359,383)[1,12]
37  (312,383)[1,12]
38  (278,383)[1,12]
39  (251,383)[1,12]
40  (229,383)[1,12]
41  (211,383)[1,12]
42  (196,383)[1,12]
43  (184,383)[1,12]
44  (173,383)[1,12]
45  (164,383)[1,12]
46  (155,383)[1,12]
47  (148,383)[1,12]
48  (142,383)[1,12]
49  (136,383)[1,12]
50  (131,383)[1,12]
51  (126,383)[1,12]
52  (122,383)[1,12]
53  (118,383)[1,12]
54  (114,383)[1,12]
55  (111,383)[1,12]
56  (108,383)[1,12]
57  (105,383)[1,12]
58  (103,383)[1,12]
59  (100,383)[1,12]
60  ( 98,383)[1,12]

player:( 34, 400)
 0  ( 93,416)[1,12]
 1  ( 95,416)[1,12]
 2  ( 98,416)[1,12]
 3  (100,416)[1,12]
 4  (103,416)[1,12]
 5  (106,416)[1,12]
 6  (109,416)[1,12]
 7  (112,416)[1,12]
 8  (116,416)[1,12]
 9  (120,416)[1,12]
10  (124,416)[1,12]
11  (129,416)[1,12]
12  (135,416)[1,12]
13  (141,416)[1,12]
14  (147,416)[1,12]
15  (155,416)[1,12]
16  (164,416)[1,12]
17  (174,416)[1,12]
18  (186,416)[1,12]
19  (200,416)[1,12]
20  (216,416)[1,12]
21  (237,416)[1,12]
22  (262,416)[1,12]
23  (295,416)[1,12]
24  (339,416)[1,12]
25  (400,416)[1,12]
26  (492,416)[1,12]
27  (645,416)[1,12]
28  (950,416)[1,12]
29  (1867,416)[1,12]
30  (1867,416)[1,12]
31  (1982,383)[1,12]
32  (1007,383)[1,12]
33  (683,383)[1,12]
34  (520,383)[1,12]
35  (423,383)[1,12]
36  (358,383)[1,12]
37  (311,383)[1,12]
38  (277,383)[1,12]
39  (250,383)[1,12]
40  (228,383)[1,12]
41  (210,383)[1,12]
42  (195,383)[1,12]
43  (183,383)[1,12]
44  (172,383)[1,12]
45  (163,383)[1,12]
46  (154,383)[1,12]
47  (147,383)[1,12]
48  (141,383)[1,12]
49  (135,383)[1,12]
50  (130,383)[1,12]
51  (125,383)[1,12]
52  (121,383)[1,12]
53  (117,383)[1,12]
54  (113,383)[1,12]
55  (110,383)[1,12]
56  (107,383)[1,12]
57  (104,383)[1,12]
58  (102,383)[1,12]
59  ( 99,383)[1,12]
60  ( 97,383)[1,12]

player:( 33, 400)
 0  ( 92,416)[1,12]
 1  ( 94,416)[1,12]
 2  ( 97,416)[1,12]
 3  ( 99,416)[1,12]
 4  (102,416)[1,12]
 5  (105,416)[1,12]
 6  (108,416)[1,12]
 7  (111,416)[1,12]
 8  (115,416)[1,12]
 9  (119,416)[1,12]
10  (123,416)[1,12]
11  (128,416)[1,12]
12  (134,416)[1,12]
13  (140,416)[1,12]
14  (146,416)[1,12]
15  (154,416)[1,12]
16  (163,416)[1,12]
17  (173,416)[1,12]
18  (185,416)[1,12]
19  (199,416)[1,12]
20  (215,416)[1,12]
21  (236,416)[1,12]
22  (261,416)[1,12]
23  (294,416)[1,12]
24  (338,416)[1,12]
25  (399,416)[1,12]
26  (491,416)[1,12]
27  (644,416)[1,12]
28  (949,416)[1,12]
29  (1866,416)[1,12]
30  (1866,416)[1,12]
31  (1981,383)[1,12]
32  (1006,383)[1,12]
33  (682,383)[1,12]
34  (519,383)[1,12]
35  (422,383)[1,12]
36  (357,383)[1,12]
37  (310,383)[1,12]
38  (276,383)[1,12]
39  (249,383)[1,12]
40  (227,383)[1,12]
41  (209,383)[1,12]
42  (194,383)[1,12]
43  (182,383)[1,12]
44  (171,383)[1,12]
45  (162,383)[1,12]
46  (153,383)[1,12]
47  (146,383)[1,12]
48  (140,383)[1,12]
49  (134,383)[1,12]
50  (129,383)[1,12]
51  (124,383)[1,12]
52  (120,383)[1,12]
53  (116,383)[1,12]
54  (112,383)[1,12]
55  (109,383)[1,12]
56  (106,383)[1,12]
57  (103,383)[1,12]
58  (101,383)[1,12]
59  ( 98,383)[1,12]
60  ( 96,383)[1,12]

player:( 32, 400)
 0  ( 91,416)[1,12]
 1  ( 93,416)[1,12]
 2  ( 96,416)[1,12]
 3  ( 98,416)[1,12]
 4  (101,416)[1,12]
 5  (104,416)[1,12]
 6  (107,416)[1,12]
 7  (110,416)[1,12]
 8  (114,416)[1,12]
 9  (118,416)[1,12]
10  (122,416)[1,12]
11  (127,416)[1,12]
12  (133,416)[1,12]
13  (139,416)[1,12]
14  (145,416)[1,12]
15  (153,416)[1,12]
16  (162,416)[1,12]
17  (172,416)[1,12]
18  (184,416)[1,12]
19  (198,416)[1,12]
20  (214,416)[1,12]
21  (235,416)[1,12]
22  (260,416)[1,12]
23  (293,416)[1,12]
24  (337,416)[1,12]
25  (398,416)[1,12]
26  (490,416)[1,12]
27  (643,416)[1,12]
28  (948,416)[1,12]
29  (1865,416)[1,12]
30  (1865,416)[1,12]
31  (1980,383)[1,12]
32  (1005,383)[1,12]
33  (681,383)[1,12]
34  (518,383)[1,12]
35  (421,383)[1,12]
36  (356,383)[1,12]
37  (309,383)[1,12]
38  (275,383)[1,12]
39  (248,383)[1,12]
40  (226,383)[1,12]
41  (208,383)[1,12]
42  (193,383)[1,12]
43  (181,383)[1,12]
44  (170,383)[1,12]
45  (161,383)[1,12]
46  (152,383)[1,12]
47  (145,383)[1,12]
48  (139,383)[1,12]
49  (133,383)[1,12]
50  (128,383)[1,12]
51  (123,383)[1,12]
52  (119,383)[1,12]
53  (115,383)[1,12]
54  (111,383)[1,12]
55  (108,383)[1,12]
56  (105,383)[1,12]
57  (102,383)[1,12]
58  (100,383)[1,12]
59  ( 97,383)[1,12]
60  ( 95,383)[1,12]

player:( 32, 400)
 0  ( 91,416)[1,12]
 1  ( 93,416)[1,12]
 2  ( 96,416)[1,12]
 3  ( 98,416)[1,12]
 4  (101,416)[1,12]
 5  (104,416)[1,12]
 6  (107,416)[1,12]
 7  (110,416)[1,12]
 8  (114,416)[1,12]
 9  (118,416)[1,12]
10  (122,416)[1,12]
11  (127,416)[1,12]
12  (133,416)[1,12]
13  (139,416)[1,12]
14  (145,416)[1,12]
15  (153,416)[1,12]
16  (162,416)[1,12]
17  (172,416)[1,12]
18  (184,416)[1,12]
19  (198,416)[1,12]
20  (214,416)[1,12]
21  (235,416)[1,12]
22  (260,416)[1,12]
23  (293,416)[1,12]
24  (337,416)[1,12]
25  (398,416)[1,12]
26  (490,416)[1,12]
27  (643,416)[1,12]
28  (948,416)[1,12]
29  (1865,416)[1,12]
30  (1865,416)[1,12]
31  (1980,383)[1,12]
32  (1005,383)[1,12]
33  (681,383)[1,12]
34  (518,383)[1,12]
35  (421,383)[1,12]
36  (356,383)[1,12]
37  (309,383)[1,12]
38  (275,383)[1,12]
39  (248,383)[1,12]
40  (226,383)[1,12]
41  (208,383)[1,12]
42  (193,383)[1,12]
43  (181,383)[1,12]
44  (170,383)[1,12]
45  (161,383)[1,12]
46  (152,383)[1,12]
47  (145,383)[1,12]
48  (139,383)[1,12]
49  (133,383)[1,12]
50  (128,383)[1,12]
51  (123,383)[1,12]
52  (119,383)[1,12]
53  (115,383)[1,12]
54  (111,383)[1,12]
55  (108,383)[1,12]
56  (105,383)[1,12]
57  (102,383)[1,12]
58  (100,383)[1,12]
59  ( 97,383)[1,12]
60  ( 95,383)[1,12]

player:( 32, 400)
 0  ( 91,416)[1,12]
 1  ( 93,416)[1,12]
 2  ( 96,416)[1,12]
 3  ( 98,416)[1,12]
 4  (101,416)[1,12]
 5  (104,416)[1,12]
 6  (107,416)[1,12]
 7  (110,416)[1,12]
 8  (114,416)[1,12]
 9  (118,416)[1,12]
10  (122,416)[1,12]
11  (127,416)[1,12]
12  (133,416)[1,12]
13  (139,416)[1,12]
14  (145,416)[1,12]
15  (153,416)[1,12]
16  (162,416)[1,12]
17  (172,416)[1,12]
18  (184,416)[1,12]
19  (198,416)[1,12]
20  (214,416)[1,12]
21  (235,416)[1,12]
22  (260,416)[1,12]
23  (293,416)[1,12]
24  (337,416)[1,12]
25  (398,416)[1,12]
26  (490,416)[1,12]
27  (643,416)[1,12]
28  (948,416)[1,12]
29  (1865,416)[1,12]
30  (1865,416)[1,12]
31  (1980,383)[1,12]
32  (1005,383)[1,12]
33  (681,383)[1,12]
34  (518,383)[1,12]
35  (421,383)[1,12]
36  (356,383)[1,12]
37  (309,383)[1,12]
38  (275,383)[1,12]
39  (248,383)[1,12]
40  (226,383)[1,12]
41  (208,383)[1,12]
42  (193,383)[1,12]
43  (181,383)[1,12]
44  (170,383)[1,12]
45  (161,383)[1,12]
46  (152,383)[1,12]
47  (145,383)[1,12]
48  (139,383)[1,12]
49  (133,383)[1,12]
50  (128,383)[1,12]
51  (123,383)[1,12]
52  (119,383)[1,12]
53  (115,383)[1,12]
54  (111,383)[1,12]
55  (108,383)[1,12]
56  (105,383)[1,12]
57  (102,383)[1,12]
58  (100,383)[1,12]
59  ( 97,383)[1,12]
60  ( 95,383)[1,12]

player:( 32, 400)
 0  ( 91,416)[1,12]
 1  ( 93,416)[1,12]
 2  ( 96,416)[1,12]
 3  ( 98,416)[1,12]
 4  (101,416)[1,12]
 5  (104,416)[1,12]
 6  (107,416)[1,12]
 7  (110,416)[1,12]
 8  (114,416)[1,12]
 9  (118,416)[1,12]
10  (122,416)[1,12]
11  (127,416)[1,12]
12  (133,416)[1,12]
13  (139,416)[1,12]
14  (145,416)[1,12]
15  (153,416)[1,12]
16  (162,416)[1,12]
17  (172,416)[1,12]
18  (184,416)[1,12]
19  (198,416)[1,12]
20  (214,416)[1,12]
21  (235,416)[1,12]
22  (260,416)[1,12]
23  (293,416)[1,12]
24  (337,416)[1,12]
25  (398,416)[1,12]
26  (490,416)[1,12]
27  (643,416)[1,12]
28  (948,416)[1,12]
29  (1865,416)[1,12]
30  (1865,416)[1,12]
31  (1980,383)[1,12]
32  (1005,383)[1,12]
33  (681,383)[1,12]
34  (518,383)[1,12]
35  (421,383)[1,12]
36  (356,383)[1,12]
37  (309,383)[1,12]
38  (275,383)[1,12]
39  (248,383)[1,12]
40  (226,383)[1,12]
41  (208,383)[1,12]
42  (193,383)[1,12]
43  (181,383)[1,12]
44  (170,383)[1,12]
45  (161,383)[1,12]
46  (152,383)[1,12]
47  (145,383)[1,12]
48  (139,383)[1,12]
49  (133,383)[1,12]
50  (128,383)[1,12]
51  (123,383)[1,12]
52  (119,383)[1,12]
53  (115,383)[1,12]
54  (111,383)[1,12]
55  (108,383)[1,12]
56  (105,383)[1,12]
57  (102,383)[1,12]
58  (100,383)[1,12]
59  ( 97,383)[1,12]
60  ( 95,383)[1,12]

player:( 32, 400)
 0  ( 91,416)[1,12]
 1  ( 93,416)[1,12]
 2  ( 96,416)[1,12]
 3  ( 98,416)[1,12]
 4  (101,416)[1,12]
 5  (104,416)[1,12]
 6  (107,416)[1,12]
 7  (110,416)[1,12]
 8  (114,416)[1,12]
 9  (118,416)[1,12]
10  (122,416)[1,12]
11  (127,416)[1,12]
12  (133,416)[1,12]
13  (139,416)[1,12]
14  (145,416)[1,12]
15  (153,416)[1,12]
16  (162,416)[1,12]
17  (172,416)[1,12]
18  (184,416)[1,12]
19  (198,416)[1,12]
20  (214,416)[1,12]
21  (235,416)[1,12]
22  (260,416)[1,12]
23  (293,416)[1,12]
24  (337,416)[1,12]
25  (398,416)[1,12]
26  (490,416)[1,12]
27  (643,416)[1,12]
28  (948,416)[1,12]
29  (1865,416)[1,12]
30  (1865,416)[1,12]
31  (1980,383)[1,12]
32  (1005,383)[1,12]
33  (681,383)[1,12]
34  (518,383)[1,12]
35  (421,383)[1,12]
36  (356,383)[1,12]
37  (309,383)[1,12]
38  (275,383)[1,12]
39  (248,383)[1,12]
40  (226,383)[1,12]
41  (208,383)[1,12]
42  (193,383)[1,12]
43  (181,383)[1,12]
44  (170,383)[1,12]
45  (161,383)[1,12]
46  (152,383)[1,12]
47  (145,383)[1,12]
48  (139,383)[1,12]
49  (133,383)[1,12]
50  (128,383)[1,12]
51  (123,383)[1,12]
52  (119,383)[1,12]
53  (115,383)[1,12]
54  (111,383)[1,12]
55  (108,383)[1,12]
56  (105,383)[1,12]
57  (102,383)[1,12]
58  (100,383)[1,12]
59  ( 97,383)[1,12]
60  ( 95,383)[1,12]

player:( 32, 400)
 0  ( 91,416)[1,12]
 1  ( 93,416)[1,12]
 2  ( 96,416)[1,12]
 3  ( 98,416)[1,12]
 4  (101,416)[1,12]
 5  (104,416)[1,12]
 6  (107,416)[1,12]
 7  (110,416)[1,12]
 8  (114,416)[1,12]
 9  (118,416)[1,12]
10  (122,416)[1,12]
11  (127,416)[1,12]
12  (133,416)[1,12]
13  (139,416)[1,12]
14  (145,416)[1,12]
15  (153,416)[1,12]
16  (162,416)[1,12]
17  (172,416)[1,12]
18  (184,416)[1,12]
19  (198,416)[1,12]
20  (214,416)[1,12]
21  (235,416)[1,12]
22  (260,416)[1,12]
23  (293,416)[1,12]
24  (337,416)[1,12]
25  (398,416)[1,12]
26  (490,416)[1,12]
27  (643,416)[1,12]
28  (948,416)[1,12]
29  (1865,416)[1,12]
30  (1865,416)[1,12]
31  (1980,383)[1,12]
32  (1005,383)[1,12]
33  (681,383)[1,12]
34  (518,383)[1,12]
35  (421,383)[1,12]
36  (356,383)[1,12]
37  (309,383)[1,12]
38  (275,383)[1,12]
39  (248,383)[1,12]
40  (226,383)[1,12]
41  (208,383)[1,12]
42  (193,383)[1,12]
43  (181,383)[1,12]
44  (170,383)[1,12]
45  (161,383)[1,12]
46  (152,383)[1,12]
47  (145,383)[1,12]
48  (139,383)[1,12]
49  (133,383)[1,12]
50  (128,383)[1,12]
51  (123,383)[1,12]
52  (119,383)[1,12]
53  (115,383)[1,12]
54  (111,383)[1,12]
55  (108,383)[1,12]
56  (105,383)[1,12]
57  (102,383)[1,12]
58  (100,383)[1,12]
59  ( 97,383)[1,12]
60  ( 95,383)[1,12]

player:( 32, 400)
 0  ( 91,416)[1,12]
 1  ( 93,416)[1,12]
 2  ( 96,416)[1,12]
 3  ( 98,416)[1,12]
 4  (101,416)[1,12]
 5  (104,416)[1,12]
 6  (107,416)[1,12]
 7  (110,416)[1,12]
 8  (114,416)[1,12]
 9  (118,416)[1,12]
10  (122,416)[1,12]
11  (127,416)[1,12]
12  (133,416)[1,12]
13  (139,416)[1,12]
14  (145,416)[1,12]
15  (153,416)[1,12]
16  (162,416)[1,12]
17  (172,416)[1,12]
18  (184,416)[1,12]
19  (198,416)[1,12]
20  (214,416)[1,12]
21  (235,416)[1,12]
22  (260,416)[1,12]
23  (293,416)[1,12]
24  (337,416)[1,12]
25  (398,416)[1,12]
26  (490,416)[1,12]
27  (643,416)[1,12]
28  (948,416)[1,12]
29  (1865,416)[1,12]
30  (1865,416)[1,12]
31  (1980,383)[1,12]
32  (1005,383)[1,12]
33  (681,383)[1,12]
34  (518,383)[1,12]
35  (421,383)[1,12]
36  (356,383)[1,12]
37  (309,383)[1,12]
38  (275,383)[1,12]
39  (248,383)[1,12]
40  (226,383)[1,12]
41  (208,383)[1,12]
42  (193,383)[1,12]
43  (181,383)[1,12]
44  (170,383)[1,12]
45  (161,383)[1,12]
46  (152,383)[1,12]
47  (145,383)[1,12]
48  (139,383)[1,12]
49  (133,383)[1,12]
50  (128,383)[1,12]
51  (123,383)[1,12]
52  (119,383)[1,12]
53  (115,383)[1,12]
54  (111,383)[1,12]
55  (108,383)[1,12]
56  (105,383)[1,12]
57  (102,383)[1,12]
58  (100,383)[1,12]
59  ( 97,383)[1,12]
60  ( 95,383)[1,12]

player:( 32, 400)
 0  ( 91,416)[1,12]
 1  ( 93,416)[1,12]
 2  ( 96,416)[1,12]
 3  ( 98,416)[1,12]
 4  (101,416)[1,12]
 5  (104,416)[1,12]
 6  (107,416)[1,12]
 7  (110,416)[1,12]
 8  (114,416)[1,12]
 9  (118,416)[1,12]
10  (122,416)[1,12]
11  (127,416)[1,12]
12  (133,416)[1,12]
13  (139,416)[1,12]
14  (145,416)[1,12]
15  (153,416)[1,12]
16  (162,416)[1,12]
17  (172,416)[1,12]
18  (184,416)[1,12]
19  (198,416)[1,12]
20  (214,416)[1,12]
21  (235,416)[1,12]
22  (260,416)[1,12]
23  (293,416)[1,12]
24  (337,416)[1,12]
25  (398,416)[1,12]
26  (490,416)[1,12]
27  (643,416)[1,12]
28  (948,416)[1,12]
29  (1865,416)[1,12]
30  (1865,416)[1,12]
31  (1980,383)[1,12]
32  (1005,383)[1,12]
33  (681,383)[1,12]
34  (518,383)[1,12]
35  (421,383)[1,12]
36  (356,383)[1,12]
37  (309,383)[1,12]
38  (275,383)[1,12]
39  (248,383)[1,12]
40  (226,383)[1,12]
41  (208,383)[1,12]
42  (193,383)[1,12]
43  (181,383)[1,12]
44  (170,383)[1,12]
45  (161,383)[1,12]
46  (152,383)[1,12]
47  (145,383)[1,12]
48  (139,383)[1,12]
49  (133,383)[1,12]
50  (128,383)[1,12]
51  (123,383)[1,12]
52  (119,383)[1,12]
53  (115,383)[1,12]
54  (111,383)[1,12]
55  (108,383)[1,12]
56  (105,383)[1,12]
57  (102,383)[1,12]
58  (100,383)[1,12]
59  ( 97,383)[1,12]
60  ( 95,383)[1,12]

