player:( 47, 400)
 0  (106.713,416.000)[1,12]
 1  (108.867,416.000)[1,12]
 2  (111.173,416.000)[1,12]
 3  (113.645,416.000)[1,12]
 4  (116.304,416.000)[1,12]
 5  (119.171,416.000)[1,12]
 6  (122.274,416.000)[1,12]
 7  (125.642,416.000)[1,12]
 8  (129.313,416.000)[1,12]
 9  (133.328,416.000)[1,12]
10  (137.741,416.000)[1,12]
11  (142.612,416.000)[1,12]
12  (148.020,416.000)[1,12]
13  (154.059,416.000)[1,12]
14  (160.846,416.000)[1,12]
15  (168.532,416.000)[1,12]
16  (177.309,416.000)[1,12]
17  (187.430,416.000)[1,12]
18  (199.230,416.000)[1,12]
19  (213.166,416.000)[1,12]
20  (229.881,416.000)[1,12]
21  (250.300,416.000)[1,12]
22  (275.811,416.000)[1,12]
23  (308.598,416.000)[1,12]
24  (352.298,416.000)[1,12]
25  (413.460,416.000)[1,12]
26  (505.179,416.000)[1,12]
27  (658.012,416.000)[1,12]
28  (963.629,416.000)[1,12]
29  (1880.466,416.000)[1,12]
30  (1880.466,416.000)[1,12]
31  (1995.007,383.000)[1,12]
32  (1020.929,383.000)[1,12]
33  (696.204,383.000)[1,12]
34  (533.816,383.000)[1,12]
35  (436.364,383.000)[1,12]
36  (371.379,383.000)[1,12]
37  (324.948,383.000)[1,12]
38  (290.111,383.000)[1,12]
39  (263.005,383.000)[1,12]
40  (241.311,383.000)[1,12]
41  (223.552,383.000)[1,12]
42  (208.744,383.000)[1,12]
43  (196.207,383.000)[1,12]
44  (185.454,383.000)[1,12]
45  (176.128,383.000)[1,12]
46  (167.961,383.000)[1,12]
47  (160.750,383.000)[1,12]
48  (154.334,383.000)[1,12]
49  (148.588,383.000)[1,12]
50  (143.412,383.000)[1,12]
51  (138.724,383.000)[1,12]
52  (134.457,383.000)[1,12]
53  (130.558,383.000)[1,12]
54  (126.979,383.000)[1,12]
55  (123.682,383.000)[1,12]
56  (120.635,383.000)[1,12]
57  (117.810,383.000)[1,12]
58  (115.183,383.000)[1,12]
59  (112.734,383.000)[1,12]
60  (110.445,383.000)[1,12]

player:( 46, 400)
 0  (105.713,416.000)[1,12]
 1  (107.867,416.000)[1,12]
 2  (110.173,416.000)[1,12]
 3  (112.645,416.000)[1,12]
 4  (115.304,416.000)[1,12]
 5  (118.171,416.000)[1,12]
 6  (121.274,416.000)[1,12]
 7  (124.642,416.000)[1,12]
 8  (128.313,416.000)[1,12]
 9  (132.328,416.000)[1,12]
10  (136.741,416.000)[1,12]
11  (141.612,416.000)[1,12]
12  (147.020,416.000)[1,12]
13  (153.059,416.000)[1,12]
14  (159.846,416.000)[1,12]
15  (167.532,416.000)[1,12]
16  (176.309,416.000)[1,12]
17  (186.430,416.000)[1,12]
18  (198.230,416.000)[1,12]
19  (212.166,416.000)[1,12]
20  (228.881,416.000)[1,12]
21  (249.300,416.000)[1,12]
22  (274.811,416.000)[1,12]
23  (307.598,416.000)[1,12]
24  (351.298,416.000)[1,12]
25  (412.460,416.000)[1,12]
26  (504.179,416.000)[1,12]
27  (657.012,416.000)[1,12]
28  (962.629,416.000)[1,12]
29  (1879.466,416.000)[1,12]
30  (1879.466,416.000)[1,12]
31  (1994.007,383.000)[1,12]
32  (1019.929,383.000)[1,12]
33  (695.204,383.000)[1,12]
34  (532.816,383.000)[1,12]
35  (435.364,383.000)[1,12]
36  (370.379,383.000)[1,12]
37  (323.948,383.000)[1,12]
38  (289.111,383.000)[1,12]
39  (262.005,383.000)[1,12]
40  (240.311,383.000)[1,12]
41  (222.552,383.000)[1,12]
42  (207.744,383.000)[1,12]
43  (195.207,383.000)[1,12]
44  (184.454,383.000)[1,12]
45  (175.128,383.000)[1,12]
46  (166.961,383.000)[1,12]
47  (159.750,383.000)[1,12]
48  (153.334,383.000)[1,12]
49  (147.588,383.000)[1,12]
50  (142.412,383.000)[1,12]
51  (137.724,383.000)[1,12]
52  (133.457,383.000)[1,12]
53  (129.558,383.000)[1,12]
54  (125.979,383.000)[1,12]
55  (122.682,383.000)[1,12]
56  (119.635,383.000)[1,12]
57  (116.810,383.000)[1,12]
58  (114.183,383.000)[1,12]
59  (111.734,383.000)[1,12]
60  (109.445,383.000)[1,12]

player:( 45, 400)
 0  (104.713,416.000)[1,12]
 1  (106.867,416.000)[1,12]
 2  (109.173,416.000)[1,12]
 3  (111.645,416.000)[1,12]
 4  (114.304,416.000)[1,12]
 5  (117.171,416.000)[1,12]
 6  (120.274,416.000)[1,12]
 7  (123.642,416.000)[1,12]
 8  (127.313,416.000)[1,12]
 9  (131.328,416.000)[1,12]
10  (135.741,416.000)[1,12]
11  (140.612,416.000)[1,12]
12  (146.020,416.000)[1,12]
13  (152.059,416.000)[1,12]
14  (158.846,416.000)[1,12]
15  (166.532,416.000)[1,12]
16  (175.309,416.000)[1,12]
17  (185.430,416.000)[1,12]
18  (197.230,416.000)[1,12]
19  (211.166,416.000)[1,12]
20  (227.881,416.000)[1,12]
21  (248.300,416.000)[1,12]
22  (273.811,416.000)[1,12]
23  (306.598,416.000)[1,12]
24  (350.298,416.000)[1,12]
25  (411.460,416.000)[1,12]
26  (503.179,416.000)[1,12]
27  (656.012,416.000)[1,12]
28  (961.629,416.000)[1,12]
29  (1878.466,416.000)[1,12]
30  (1878.466,416.000)[1,12]
31  (1993.007,383.000)[1,12]
32  (1018.929,383.000)[1,12]
33  (694.204,383.000)[1,12]
34  (531.816,383.000)[1,12]
35  (434.364,383.000)[1,12]
36  (369.379,383.000)[1,12]
37  (322.948,383.000)[1,12]
38  (288.111,383.000)[1,12]
39  (261.005,383.000)[1,12]
40  (239.311,383.000)[1,12]
41  (221.552,383.000)[1,12]
42  (206.744,383.000)[1,12]
43  (194.207,383.000)[1,12]
44  (183.454,383.000)[1,12]
45  (174.128,383.000)[1,12]
46  (165.961,383.000)[1,12]
47  (158.750,383.000)[1,12]
48  (152.334,383.000)[1,12]
49  (146.588,383.000)[1,12]
50  (141.412,383.000)[1,12]
51  (136.724,383.000)[1,12]
52  (132.457,383.000)[1,12]
53  (128.558,383.000)[1,12]
54  (124.979,383.000)[1,12]
55  (121.682,383.000)[1,12]
56  (118.635,383.000)[1,12]
57  (115.810,383.000)[1,12]
58  (113.183,383.000)[1,12]
59  (110.734,383.000)[1,12]
60  (108.445,383.000)[1,12]

player:( 44, 400)
 0  (103.713,416.000)[1,12]
 1  (105.867,416.000)[1,12]
 2  (108.173,416.000)[1,12]
 3  (110.645,416.000)[1,12]
 4  (113.304,416.000)[1,12]
 5  (116.171,416.000)[1,12]
 6  (119.274,416.000)[1,12]
 7  (122.642,416.000)[1,12]
 8  (126.313,416.000)[1,12]
 9  (130.328,416.000)[1,12]
10  (134.741,416.000)[1,12]
11  (139.612,416.000)[1,12]
12  (145.020,416.000)[1,12]
13  (151.059,416.000)[1,12]
14  (157.846,416.000)[1,12]
15  (165.532,416.000)[1,12]
16  (174.309,416.000)[1,12]
17  (184.430,416.000)[1,12]
18  (196.230,416.000)[1,12]
19  (210.166,416.000)[1,12]
20  (226.881,416.000)[1,12]
21  (247.300,416.000)[1,12]
22  (272.811,416.000)[1,12]
23  (305.598,416.000)[1,12]
24  (349.298,416.000)[1,12]
25  (410.460,416.000)[1,12]
26  (502.179,416.000)[1,12]
27  (655.012,416.000)[1,12]
28  (960.629,416.000)[1,12]
29  (1877.466,416.000)[1,12]
30  (1877.466,416.000)[1,12]
31  (1992.007,383.000)[1,12]
32  (1017.929,383.000)[1,12]
33  (693.204,383.000)[1,12]
34  (530.816,383.000)[1,12]
35  (433.364,383.000)[1,12]
36  (368.379,383.000)[1,12]
37  (321.948,383.000)[1,12]
38  (287.111,383.000)[1,12]
39  (260.005,383.000)[1,12]
40  (238.311,383.000)[1,12]
41  (220.552,383.000)[1,12]
42  (205.744,383.000)[1,12]
43  (193.207,383.000)[1,12]
44  (182.454,383.000)[1,12]
45  (173.128,383.000)[1,12]
46  (164.961,383.000)[1,12]
47  (157.750,383.000)[1,12]
48  (151.334,383.000)[1,12]
49  (145.588,383.000)[1,12]
50  (140.412,383.000)[1,12]
51  (135.724,383.000)[1,12]
52  (131.457,383.000)[1,12]
53  (127.558,383.000)[1,12]
54  (123.979,383.000)[1,12]
55  (120.682,383.000)[1,12]
56  (117.635,383.000)[1,12]
57  (114.810,383.000)[1,12]
58  (112.183,383.000)[1,12]
59  (109.734,383.000)[1,12]
60  (107.445,383.000)[1,12]

player:( 43, 400)
 0  (102.713,416.000)[1,12]
 1  (104.867,416.000)[1,12]
 2  (107.173,416.000)[1,12]
 3  (109.645,416.000)[1,12]
 4  (112.304,416.000)[1,12]
 5  (115.171,416.000)[1,12]
 6  (118.274,416.000)[1,12]
 7  (121.642,416.000)[1,12]
 8  (125.313,416.000)[1,12]
 9  (129.328,416.000)[1,12]
10  (133.741,416.000)[1,12]
11  (138.612,416.000)[1,12]
12  (144.020,416.000)[1,12]
13  (150.059,416.000)[1,12]
14  (156.846,416.000)[1,12]
15  (164.532,416.000)[1,12]
16  (173.309,416.000)[1,12]
17  (183.430,416.000)[1,12]
18  (195.230,416.000)[1,12]
19  (209.166,416.000)[1,12]
20  (225.881,416.000)[1,12]
21  (246.300,416.000)[1,12]
22  (271.811,416.000)[1,12]
23  (304.598,416.000)[1,12]
24  (348.298,416.000)[1,12]
25  (409.460,416.000)[1,12]
26  (501.179,416.000)[1,12]
27  (654.012,416.000)[1,12]
28  (959.629,416.000)[1,12]
29  (1876.466,416.000)[1,12]
30  (1876.466,416.000)[1,12]
31  (1991.007,383.000)[1,12]
32  (1016.929,383.000)[1,12]
33  (692.204,383.000)[1,12]
34  (529.816,383.000)[1,12]
35  (432.364,383.000)[1,12]
36  (367.379,383.000)[1,12]
37  (320.948,383.000)[1,12]
38  (286.111,383.000)[1,12]
39  (259.005,383.000)[1,12]
40  (237.311,383.000)[1,12]
41  (219.552,383.000)[1,12]
42  (204.744,383.000)[1,12]
43  (192.207,383.000)[1,12]
44  (181.454,383.000)[1,12]
45  (172.128,383.000)[1,12]
46  (163.961,383.000)[1,12]
47  (156.750,383.000)[1,12]
48  (150.334,383.000)[1,12]
49  (144.588,383.000)[1,12]
50  (139.412,383.000)[1,12]
51  (134.724,383.000)[1,12]
52  (130.457,383.000)[1,12]
53  (126.558,383.000)[1,12]
54  (122.979,383.000)[1,12]
55  (119.682,383.000)[1,12]
56  (116.635,383.000)[1,12]
57  (113.810,383.000)[1,12]
58  (111.183,383.000)[1,12]
59  (108.734,383.000)[1,12]
60  (106.445,383.000)[1,12]

player:( 42, 400)
 0  (101.713,416.000)[1,12]
 1  (103.867,416.000)[1,12]
 2  (106.173,416.000)[1,12]
 3  (108.645,416.000)[1,12]
 4  (111.304,416.000)[1,12]
 5  (114.171,416.000)[1,12]
 6  (117.274,416.000)[1,12]
 7  (120.642,416.000)[1,12]
 8  (124.313,416.000)[1,12]
 9  (128.328,416.000)[1,12]
10  (132.741,416.000)[1,12]
11  (137.612,416.000)[1,12]
12  (143.020,416.000)[1,12]
13  (149.059,416.000)[1,12]
14  (155.846,416.000)[1,12]
15  (163.532,416.000)[1,12]
16  (172.309,416.000)[1,12]
17  (182.430,416.000)[1,12]
18  (194.230,416.000)[1,12]
19  (208.166,416.000)[1,12]
20  (224.881,416.000)[1,12]
21  (245.300,416.000)[1,12]
22  (270.811,416.000)[1,12]
23  (303.598,416.000)[1,12]
24  (347.298,416.000)[1,12]
25  (408.460,416.000)[1,12]
26  (500.179,416.000)[1,12]
27  (653.012,416.000)[1,12]
28  (958.629,416.000)[1,12]
29  (1875.466,416.000)[1,12]
30  (1875.466,416.000)[1,12]
31  (1990.007,383.000)[1,12]
32  (1015.929,383.000)[1,12]
33  (691.204,383.000)[1,12]
34  (528.816,383.000)[1,12]
35  (431.364,383.000)[1,12]
36  (366.379,383.000)[1,12]
37  (319.948,383.000)[1,12]
38  (285.111,383.000)[1,12]
39  (258.005,383.000)[1,12]
40  (236.311,383.000)[1,12]
41  (218.552,383.000)[1,12]
42  (203.744,383.000)[1,12]
43  (191.207,383.000)[1,12]
44  (180.454,383.000)[1,12]
45  (171.128,383.000)[1,12]
46  (162.961,383.000)[1,12]
47  (155.750,383.000)[1,12]
48  (149.334,383.000)[1,12]
49  (143.588,383.000)[1,12]
50  (138.412,383.000)[1,12]
51  (133.724,383.000)[1,12]
52  (129.457,383.000)[1,12]
53  (125.558,383.000)[1,12]
54  (121.979,383.000)[1,12]
55  (118.682,383.000)[1,12]
56  (115.635,383.000)[1,12]
57  (112.810,383.000)[1,12]
58  (110.183,383.000)[1,12]
59  (107.734,383.000)[1,12]
60  (105.445,383.000)[1,12]

player:( 41, 400)
 0  (100.713,416.000)[1,12]
 1  (102.867,416.000)[1,12]
 2  (105.173,416.000)[1,12]
 3  (107.645,416.000)[1,12]
 4  (110.304,416.000)[1,12]
 5  (113.171,416.000)[1,12]
 6  (116.274,416.000)[1,12]
 7  (119.642,416.000)[1,12]
 8  (123.313,416.000)[1,12]
 9  (127.328,416.000)[1,12]
10  (131.741,416.000)[1,12]
11  (136.612,416.000)[1,12]
12  (142.020,416.000)[1,12]
13  (148.059,416.000)[1,12]
14  (154.846,416.000)[1,12]
15  (162.532,416.000)[1,12]
16  (171.309,416.000)[1,12]
17  (181.430,416.000)[1,12]
18  (193.230,416.000)[1,12]
19  (207.166,416.000)[1,12]
20  (223.881,416.000)[1,12]
21  (244.300,416.000)[1,12]
22  (269.811,416.000)[1,12]
23  (302.598,416.000)[1,12]
24  (346.298,416.000)[1,12]
25  (407.460,416.000)[1,12]
26  (499.179,416.000)[1,12]
27  (652.012,416.000)[1,12]
28  (957.629,416.000)[1,12]
29  (1874.466,416.000)[1,12]
30  (1874.466,416.000)[1,12]
31  (1989.007,383.000)[1,12]
32  (1014.929,383.000)[1,12]
33  (690.204,383.000)[1,12]
34  (527.816,383.000)[1,12]
35  (430.364,383.000)[1,12]
36  (365.379,383.000)[1,12]
37  (318.948,383.000)[1,12]
38  (284.111,383.000)[1,12]
39  (257.005,383.000)[1,12]
40  (235.311,383.000)[1,12]
41  (217.552,383.000)[1,12]
42  (202.744,383.000)[1,12]
43  (190.207,383.000)[1,12]
44  (179.454,383.000)[1,12]
45  (170.128,383.000)[1,12]
46  (161.961,383.000)[1,12]
47  (154.750,383.000)[1,12]
48  (148.334,383.000)[1,12]
49  (142.588,383.000)[1,12]
50  (137.412,383.000)[1,12]
51  (132.724,383.000)[1,12]
52  (128.457,383.000)[1,12]
53  (124.558,383.000)[1,12]
54  (120.979,383.000)[1,12]
55  (117.682,383.000)[1,12]
56  (114.635,383.000)[1,12]
57  (111.810,383.000)[1,12]
58  (109.183,383.000)[1,12]
59  (106.734,383.000)[1,12]
60  (104.445,383.000)[1,12]

player:( 40, 400)
 0  (99.713,416.000)[1,12]
 1  (101.867,416.000)[1,12]
 2  (104.173,416.000)[1,12]
 3  (106.645,416.000)[1,12]
 4  (109.304,416.000)[1,12]
 5  (112.171,416.000)[1,12]
 6  (115.274,416.000)[1,12]
 7  (118.642,416.000)[1,12]
 8  (122.313,416.000)[1,12]
 9  (126.328,416.000)[1,12]
10  (130.741,416.000)[1,12]
11  (135.612,416.000)[1,12]
12  (141.020,416.000)[1,12]
13  (147.059,416.000)[1,12]
14  (153.846,416.000)[1,12]
15  (161.532,416.000)[1,12]
16  (170.309,416.000)[1,12]
17  (180.430,416.000)[1,12]
18  (192.230,416.000)[1,12]
19  (206.166,416.000)[1,12]
20  (222.881,416.000)[1,12]
21  (243.300,416.000)[1,12]
22  (268.811,416.000)[1,12]
23  (301.598,416.000)[1,12]
24  (345.298,416.000)[1,12]
25  (406.460,416.000)[1,12]
26  (498.179,416.000)[1,12]
27  (651.012,416.000)[1,12]
28  (956.629,416.000)[1,12]
29  (1873.466,416.000)[1,12]
30  (1873.466,416.000)[1,12]
31  (1988.007,383.000)[1,12]
32  (1013.929,383.000)[1,12]
33  (689.204,383.000)[1,12]
34  (526.816,383.000)[1,12]
35  (429.364,383.000)[1,12]
36  (364.379,383.000)[1,12]
37  (317.948,383.000)[1,12]
38  (283.111,383.000)[1,12]
39  (256.005,383.000)[1,12]
40  (234.311,383.000)[1,12]
41  (216.552,383.000)[1,12]
42  (201.744,383.000)[1,12]
43  (189.207,383.000)[1,12]
44  (178.454,383.000)[1,12]
45  (169.128,383.000)[1,12]
46  (160.961,383.000)[1,12]
47  (153.750,383.000)[1,12]
48  (147.334,383.000)[1,12]
49  (141.588,383.000)[1,12]
50  (136.412,383.000)[1,12]
51  (131.724,383.000)[1,12]
52  (127.457,383.000)[1,12]
53  (123.558,383.000)[1,12]
54  (119.979,383.000)[1,12]
55  (116.682,383.000)[1,12]
56  (113.635,383.000)[1,12]
57  (110.810,383.000)[1,12]
58  (108.183,383.000)[1,12]
59  (105.734,383.000)[1,12]
60  (103.445,383.000)[1,12]

player:( 39, 400)
 0  (98.713,416.000)[1,12]
 1  (100.867,416.000)[1,12]
 2  (103.173,416.000)[1,12]
 3  (105.645,416.000)[1,12]
 4  (108.304,416.000)[1,12]
 5  (111.171,416.000)[1,12]
 6  (114.274,416.000)[1,12]
 7  (117.642,416.000)[1,12]
 8  (121.313,416.000)[1,12]
 9  (125.328,416.000)[1,12]
10  (129.741,416.000)[1,12]
11  (134.612,416.000)[1,12]
12  (140.020,416.000)[1,12]
13  (146.059,416.000)[1,12]
14  (152.846,416.000)[1,12]
15  (160.532,416.000)[1,12]
16  (169.309,416.000)[1,12]
17  (179.430,416.000)[1,12]
18  (191.230,416.000)[1,12]
19  (205.166,416.000)[1,12]
20  (221.881,416.000)[1,12]
21  (242.300,416.000)[1,12]
22  (267.811,416.000)[1,12]
23  (300.598,416.000)[1,12]
24  (344.298,416.000)[1,12]
25  (405.460,416.000)[1,12]
26  (497.179,416.000)[1,12]
27  (650.012,416.000)[1,12]
28  (955.629,416.000)[1,12]
29  (1872.466,416.000)[1,12]
30  (1872.466,416.000)[1,12]
31  (1987.007,383.000)[1,12]
32  (1012.929,383.000)[1,12]
33  (688.204,383.000)[1,12]
34  (525.816,383.000)[1,12]
35  (428.364,383.000)[1,12]
36  (363.379,383.000)[1,12]
37  (316.948,383.000)[1,12]
38  (282.111,383.000)[1,12]
39  (255.005,383.000)[1,12]
40  (233.311,383.000)[1,12]
41  (215.552,383.000)[1,12]
42  (200.744,383.000)[1,12]
43  (188.207,383.000)[1,12]
44  (177.454,383.000)[1,12]
45  (168.128,383.000)[1,12]
46  (159.961,383.000)[1,12]
47  (152.750,383.000)[1,12]
48  (146.334,383.000)[1,12]
49  (140.588,383.000)[1,12]
50  (135.412,383.000)[1,12]
51  (130.724,383.000)[1,12]
52  (126.457,383.000)[1,12]
53  (122.558,383.000)[1,12]
54  (118.979,383.000)[1,12]
55  (115.682,383.000)[1,12]
56  (112.635,383.000)[1,12]
57  (109.810,383.000)[1,12]
58  (107.183,383.000)[1,12]
59  (104.734,383.000)[1,12]
60  (102.445,383.000)[1,12]

player:( 38, 400)
 0  (97.713,416.000)[1,12]
 1  (99.867,416.000)[1,12]
 2  (102.173,416.000)[1,12]
 3  (104.645,416.000)[1,12]
 4  (107.304,416.000)[1,12]
 5  (110.171,416.000)[1,12]
 6  (113.274,416.000)[1,12]
 7  (116.642,416.000)[1,12]
 8  (120.313,416.000)[1,12]
 9  (124.328,416.000)[1,12]
10  (128.741,416.000)[1,12]
11  (133.612,416.000)[1,12]
12  (139.020,416.000)[1,12]
13  (145.059,416.000)[1,12]
14  (151.846,416.000)[1,12]
15  (159.532,416.000)[1,12]
16  (168.309,416.000)[1,12]
17  (178.430,416.000)[1,12]
18  (190.230,416.000)[1,12]
19  (204.166,416.000)[1,12]
20  (220.881,416.000)[1,12]
21  (241.300,416.000)[1,12]
22  (266.811,416.000)[1,12]
23  (299.598,416.000)[1,12]
24  (343.298,416.000)[1,12]
25  (404.460,416.000)[1,12]
26  (496.179,416.000)[1,12]
27  (649.012,416.000)[1,12]
28  (954.629,416.000)[1,12]
29  (1871.466,416.000)[1,12]
30  (1871.466,416.000)[1,12]
31  (1986.007,383.000)[1,12]
32  (1011.929,383.000)[1,12]
33  (687.204,383.000)[1,12]
34  (524.816,383.000)[1,12]
35  (427.364,383.000)[1,12]
36  (362.379,383.000)[1,12]
37  (315.948,383.000)[1,12]
38  (281.111,383.000)[1,12]
39  (254.005,383.000)[1,12]
40  (232.311,383.000)[1,12]
41  (214.552,383.000)[1,12]
42  (199.744,383.000)[1,12]
43  (187.207,383.000)[1,12]
44  (176.454,383.000)[1,12]
45  (167.128,383.000)[1,12]
46  (158.961,383.000)[1,12]
47  (151.750,383.000)[1,12]
48  (145.334,383.000)[1,12]
49  (139.588,383.000)[1,12]
50  (134.412,383.000)[1,12]
51  (129.724,383.000)[1,12]
52  (125.457,383.000)[1,12]
53  (121.558,383.000)[1,12]
54  (117.979,383.000)[1,12]
55  (114.682,383.000)[1,12]
56  (111.635,383.000)[1,12]
57  (108.810,383.000)[1,12]
58  (106.183,383.000)[1,12]
59  (103.734,383.000)[1,12]
60  (101.445,383.000)[1,12]

player:( 37, 400)
 0  (96.713,416.000)[1,12]
 1  (98.867,416.000)[1,12]
 2  (101.173,416.000)[1,12]
 3  (103.645,416.000)[1,12]
 4  (106.304,416.000)[1,12]
 5  (109.171,416.000)[1,12]
 6  (112.274,416.000)[1,12]
 7  (115.642,416.000)[1,12]
 8  (119.313,416.000)[1,12]
 9  (123.328,416.000)[1,12]
10  (127.741,416.000)[1,12]
11  (132.612,416.000)[1,12]
12  (138.020,416.000)[1,12]
13  (144.059,416.000)[1,12]
14  (150.846,416.000)[1,12]
15  (158.532,416.000)[1,12]
16  (167.309,416.000)[1,12]
17  (177.430,416.000)[1,12]
18  (189.230,416.000)[1,12]
19  (203.166,416.000)[1,12]
20  (219.881,416.000)[1,12]
21  (240.300,416.000)[1,12]
22  (265.811,416.000)[1,12]
23  (298.598,416.000)[1,12]
24  (342.298,416.000)[1,12]
25  (403.460,416.000)[1,12]
26  (495.179,416.000)[1,12]
27  (648.012,416.000)[1,12]
28  (953.629,416.000)[1,12]
29  (1870.466,416.000)[1,12]
30  (1870.466,416.000)[1,12]
31  (1985.007,383.000)[1,12]
32  (1010.929,383.000)[1,12]
33  (686.204,383.000)[1,12]
34  (523.816,383.000)[1,12]
35  (426.364,383.000)[1,12]
36  (361.379,383.000)[1,12]
37  (314.948,383.000)[1,12]
38  (280.111,383.000)[1,12]
39  (253.005,383.000)[1,12]
40  (231.311,383.000)[1,12]
41  (213.552,383.000)[1,12]
42  (198.744,383.000)[1,12]
43  (186.207,383.000)[1,12]
44  (175.454,383.000)[1,12]
45  (166.128,383.000)[1,12]
46  (157.961,383.000)[1,12]
47  (150.750,383.000)[1,12]
48  (144.334,383.000)[1,12]
49  (138.588,383.000)[1,12]
50  (133.412,383.000)[1,12]
51  (128.724,383.000)[1,12]
52  (124.457,383.000)[1,12]
53  (120.558,383.000)[1,12]
54  (116.979,383.000)[1,12]
55  (113.682,383.000)[1,12]
56  (110.635,383.000)[1,12]
57  (107.810,383.000)[1,12]
58  (105.183,383.000)[1,12]
59  (102.734,383.000)[1,12]
60  (100.445,383.000)[1,12]

player:( 36, 400)
 0  (95.713,416.000)[1,12]
 1  (97.867,416.000)[1,12]
 2  (100.173,416.000)[1,12]
 3  (102.645,416.000)[1,12]
 4  (105.304,416.000)[1,12]
 5  (108.171,416.000)[1,12]
 6  (111.274,416.000)[1,12]
 7  (114.642,416.000)[1,12]
 8  (118.313,416.000)[1,12]
 9  (122.328,416.000)[1,12]
10  (126.741,416.000)[1,12]
11  (131.612,416.000)[1,12]
12  (137.020,416.000)[1,12]
13  (143.059,416.000)[1,12]
14  (149.846,416.000)[1,12]
15  (157.532,416.000)[1,12]
16  (166.309,416.000)[1,12]
17  (176.430,416.000)[1,12]
18  (188.230,416.000)[1,12]
19  (202.166,416.000)[1,12]
20  (218.881,416.000)[1,12]
21  (239.300,416.000)[1,12]
22  (264.811,416.000)[1,12]
23  (297.598,416.000)[1,12]
24  (341.298,416.000)[1,12]
25  (402.460,416.000)[1,12]
26  (494.179,416.000)[1,12]
27  (647.012,416.000)[1,12]
28  (952.629,416.000)[1,12]
29  (1869.466,416.000)[1,12]
30  (1869.466,416.000)[1,12]
31  (1984.007,383.000)[1,12]
32  (1009.929,383.000)[1,12]
33  (685.204,383.000)[1,12]
34  (522.816,383.000)[1,12]
35  (425.364,383.000)[1,12]
36  (360.379,383.000)[1,12]
37  (313.948,383.000)[1,12]
38  (279.111,383.000)[1,12]
39  (252.005,383.000)[1,12]
40  (230.311,383.000)[1,12]
41  (212.552,383.000)[1,12]
42  (197.744,383.000)[1,12]
43  (185.207,383.000)[1,12]
44  (174.454,383.000)[1,12]
45  (165.128,383.000)[1,12]
46  (156.961,383.000)[1,12]
47  (149.750,383.000)[1,12]
48  (143.334,383.000)[1,12]
49  (137.588,383.000)[1,12]
50  (132.412,383.000)[1,12]
51  (127.724,383.000)[1,12]
52  (123.457,383.000)[1,12]
53  (119.558,383.000)[1,12]
54  (115.979,383.000)[1,12]
55  (112.682,383.000)[1,12]
56  (109.635,383.000)[1,12]
57  (106.810,383.000)[1,12]
58  (104.183,383.000)[1,12]
59  (101.734,383.000)[1,12]
60  (99.445,383.000)[1,12]

player:( 35, 400)
 0  (94.713,416.000)[1,12]
 1  (96.867,416.000)[1,12]
 2  (99.173,416.000)[1,12]
 3  (101.645,416.000)[1,12]
 4  (104.304,416.000)[1,12]
 5  (107.171,416.000)[1,12]
 6  (110.274,416.000)[1,12]
 7  (113.642,416.000)[1,12]
 8  (117.313,416.000)[1,12]
 9  (121.328,416.000)[1,12]
10  (125.741,416.000)[1,12]
11  (130.612,416.000)[1,12]
12  (136.020,416.000)[1,12]
13  (142.059,416.000)[1,12]
14  (148.846,416.000)[1,12]
15  (156.532,416.000)[1,12]
16  (165.309,416.000)[1,12]
17  (175.430,416.000)[1,12]
18  (187.230,416.000)[1,12]
19  (201.166,416.000)[1,12]
20  (217.881,416.000)[1,12]
21  (238.300,416.000)[1,12]
22  (263.811,416.000)[1,12]
23  (296.598,416.000)[1,12]
24  (340.298,416.000)[1,12]
25  (401.460,416.000)[1,12]
26  (493.179,416.000)[1,12]
27  (646.012,416.000)[1,12]
28  (951.629,416.000)[1,12]
29  (1868.466,416.000)[1,12]
30  (1868.466,416.000)[1,12]
31  (1983.007,383.000)[1,12]
32  (1008.929,383.000)[1,12]
33  (684.204,383.000)[1,12]
34  (521.816,383.000)[1,12]
35  (424.364,383.000)[1,12]
36  (359.379,383.000)[1,12]
37  (312.948,383.000)[1,12]
38  (278.111,383.000)[1,12]
39  (251.005,383.000)[1,12]
40  (229.311,383.000)[1,12]
41  (211.552,383.000)[1,12]
42  (196.744,383.000)[1,12]
43  (184.207,383.000)[1,12]
44  (173.454,383.000)[1,12]
45  (164.128,383.000)[1,12]
46  (155.961,383.000)[1,12]
47  (148.750,383.000)[1,12]
48  (142.334,383.000)[1,12]
49  (136.588,383.000)[1,12]
50  (131.412,383.000)[1,12]
51  (126.724,383.000)[1,12]
52  (122.457,383.000)[1,12]
53  (118.558,383.000)[1,12]
54  (114.979,383.000)[1,12]
55  (111.682,383.000)[1,12]
56  (108.635,383.000)[1,12]
57  (105.810,383.000)[1,12]
58  (103.183,383.000)[1,12]
59  (100.734,383.000)[1,12]
60  (98.445,383.000)[1,12]

player:( 34, 400)
 0  (93.713,416.000)[1,12]
 1  (95.867,416.000)[1,12]
 2  (98.173,416.000)[1,12]
 3  (100.645,416.000)[1,12]
 4  (103.304,416.000)[1,12]
 5  (106.171,416.000)[1,12]
 6  (109.274,416.000)[1,12]
 7  (112.642,416.000)[1,12]
 8  (116.313,416.000)[1,12]
 9  (120.328,416.000)[1,12]
10  (124.741,416.000)[1,12]
11  (129.612,416.000)[1,12]
12  (135.020,416.000)[1,12]
13  (141.059,416.000)[1,12]
14  (147.846,416.000)[1,12]
15  (155.532,416.000)[1,12]
16  (164.309,416.000)[1,12]
17  (174.430,416.000)[1,12]
18  (186.230,416.000)[1,12]
19  (200.166,416.000)[1,12]
20  (216.881,416.000)[1,12]
21  (237.300,416.000)[1,12]
22  (262.811,416.000)[1,12]
23  (295.598,416.000)[1,12]
24  (339.298,416.000)[1,12]
25  (400.460,416.000)[1,12]
26  (492.179,416.000)[1,12]
27  (645.012,416.000)[1,12]
28  (950.629,416.000)[1,12]
29  (1867.466,416.000)[1,12]
30  (1867.466,416.000)[1,12]
31  (1982.007,383.000)[1,12]
32  (1007.929,383.000)[1,12]
33  (683.204,383.000)[1,12]
34  (520.816,383.000)[1,12]
35  (423.364,383.000)[1,12]
36  (358.379,383.000)[1,12]
37  (311.948,383.000)[1,12]
38  (277.111,383.000)[1,12]
39  (250.005,383.000)[1,12]
40  (228.311,383.000)[1,12]
41  (210.552,383.000)[1,12]
42  (195.744,383.000)[1,12]
43  (183.207,383.000)[1,12]
44  (172.454,383.000)[1,12]
45  (163.128,383.000)[1,12]
46  (154.961,383.000)[1,12]
47  (147.750,383.000)[1,12]
48  (141.334,383.000)[1,12]
49  (135.588,383.000)[1,12]
50  (130.412,383.000)[1,12]
51  (125.724,383.000)[1,12]
52  (121.457,383.000)[1,12]
53  (117.558,383.000)[1,12]
54  (113.979,383.000)[1,12]
55  (110.682,383.000)[1,12]
56  (107.635,383.000)[1,12]
57  (104.810,383.000)[1,12]
58  (102.183,383.000)[1,12]
59  (99.734,383.000)[1,12]
60  (97.445,383.000)[1,12]

player:( 33, 400)
 0  (92.713,416.000)[1,12]
 1  (94.867,416.000)[1,12]
 2  (97.173,416.000)[1,12]
 3  (99.645,416.000)[1,12]
 4  (102.304,416.000)[1,12]
 5  (105.171,416.000)[1,12]
 6  (108.274,416.000)[1,12]
 7  (111.642,416.000)[1,12]
 8  (115.313,416.000)[1,12]
 9  (119.328,416.000)[1,12]
10  (123.741,416.000)[1,12]
11  (128.612,416.000)[1,12]
12  (134.020,416.000)[1,12]
13  (140.059,416.000)[1,12]
14  (146.846,416.000)[1,12]
15  (154.532,416.000)[1,12]
16  (163.309,416.000)[1,12]
17  (173.430,416.000)[1,12]
18  (185.230,416.000)[1,12]
19  (199.166,416.000)[1,12]
20  (215.881,416.000)[1,12]
21  (236.300,416.000)[1,12]
22  (261.811,416.000)[1,12]
23  (294.598,416.000)[1,12]
24  (338.298,416.000)[1,12]
25  (399.460,416.000)[1,12]
26  (491.179,416.000)[1,12]
27  (644.012,416.000)[1,12]
28  (949.629,416.000)[1,12]
29  (1866.466,416.000)[1,12]
30  (1866.466,416.000)[1,12]
31  (1981.007,383.000)[1,12]
32  (1006.929,383.000)[1,12]
33  (682.204,383.000)[1,12]
34  (519.816,383.000)[1,12]
35  (422.364,383.000)[1,12]
36  (357.379,383.000)[1,12]
37  (310.948,383.000)[1,12]
38  (276.111,383.000)[1,12]
39  (249.005,383.000)[1,12]
40  (227.311,383.000)[1,12]
41  (209.552,383.000)[1,12]
42  (194.744,383.000)[1,12]
43  (182.207,383.000)[1,12]
44  (171.454,383.000)[1,12]
45  (162.128,383.000)[1,12]
46  (153.961,383.000)[1,12]
47  (146.750,383.000)[1,12]
48  (140.334,383.000)[1,12]
49  (134.588,383.000)[1,12]
50  (129.412,383.000)[1,12]
51  (124.724,383.000)[1,12]
52  (120.457,383.000)[1,12]
53  (116.558,383.000)[1,12]
54  (112.979,383.000)[1,12]
55  (109.682,383.000)[1,12]
56  (106.635,383.000)[1,12]
57  (103.810,383.000)[1,12]
58  (101.183,383.000)[1,12]
59  (98.734,383.000)[1,12]
60  (96.445,383.000)[1,12]

player:( 32, 400)
 0  (91.713,416.000)[1,12]
 1  (93.867,416.000)[1,12]
 2  (96.173,416.000)[1,12]
 3  (98.645,416.000)[1,12]
 4  (101.304,416.000)[1,12]
 5  (104.171,416.000)[1,12]
 6  (107.274,416.000)[1,12]
 7  (110.642,416.000)[1,12]
 8  (114.313,416.000)[1,12]
 9  (118.328,416.000)[1,12]
10  (122.741,416.000)[1,12]
11  (127.612,416.000)[1,12]
12  (133.020,416.000)[1,12]
13  (139.059,416.000)[1,12]
14  (145.846,416.000)[1,12]
15  (153.532,416.000)[1,12]
16  (162.309,416.000)[1,12]
17  (172.430,416.000)[1,12]
18  (184.230,416.000)[1,12]
19  (198.166,416.000)[1,12]
20  (214.881,416.000)[1,12]
21  (235.300,416.000)[1,12]
22  (260.811,416.000)[1,12]
23  (293.598,416.000)[1,12]
24  (337.298,416.000)[1,12]
25  (398.460,416.000)[1,12]
26  (490.179,416.000)[1,12]
27  (643.012,416.000)[1,12]
28  (948.629,416.000)[1,12]
29  (1865.466,416.000)[1,12]
30  (1865.466,416.000)[1,12]
31  (1980.007,383.000)[1,12]
32  (1005.929,383.000)[1,12]
33  (681.204,383.000)[1,12]
34  (518.816,383.000)[1,12]
35  (421.364,383.000)[1,12]
36  (356.379,383.000)[1,12]
37  (309.948,383.000)[1,12]
38  (275.111,383.000)[1,12]
39  (248.005,383.000)[1,12]
40  (226.311,383.000)[1,12]
41  (208.552,383.000)[1,12]
42  (193.744,383.000)[1,12]
43  (181.207,383.000)[1,12]
44  (170.454,383.000)[1,12]
45  (161.128,383.000)[1,12]
46  (152.961,383.000)[1,12]
47  (145.750,383.000)[1,12]
48  (139.334,383.000)[1,12]
49  (133.588,383.000)[1,12]
50  (128.412,383.000)[1,12]
51  (123.724,383.000)[1,12]
52  (119.457,383.000)[1,12]
53  (115.558,383.000)[1,12]
54  (111.979,383.000)[1,12]
55  (108.682,383.000)[1,12]
56  (105.635,383.000)[1,12]
57  (102.810,383.000)[1,12]
58  (100.183,383.000)[1,12]
59  (97.734,383.000)[1,12]
60  (95.445,383.000)[1,12]

player:( 32, 400)
 0  (91.713,416.000)[1,12]
 1  (93.867,416.000)[1,12]
 2  (96.173,416.000)[1,12]
 3  (98.645,416.000)[1,12]
 4  (101.304,416.000)[1,12]
 5  (104.171,416.000)[1,12]
 6  (107.274,416.000)[1,12]
 7  (110.642,416.000)[1,12]
 8  (114.313,416.000)[1,12]
 9  (118.328,416.000)[1,12]
10  (122.741,416.000)[1,12]
11  (127.612,416.000)[1,12]
12  (133.020,416.000)[1,12]
13  (139.059,416.000)[1,12]
14  (145.846,416.000)[1,12]
15  (153.532,416.000)[1,12]
16  (162.309,416.000)[1,12]
17  (172.430,416.000)[1,12]
18  (184.230,416.000)[1,12]
19  (198.166,416.000)[1,12]
20  (214.881,416.000)[1,12]
21  (235.300,416.000)[1,12]
22  (260.811,416.000)[1,12]
23  (293.598,416.000)[1,12]
24  (337.298,416.000)[1,12]
25  (398.460,416.000)[1,12]
26  (490.179,416.000)[1,12]
27  (643.012,416.000)[1,12]
28  (948.629,416.000)[1,12]
29  (1865.466,416.000)[1,12]
30  (1865.466,416.000)[1,12]
31  (1980.007,383.000)[1,12]
32  (1005.929,383.000)[1,12]
33  (681.204,383.000)[1,12]
34  (518.816,383.000)[1,12]
35  (421.364,383.000)[1,12]
36  (356.379,383.000)[1,12]
37  (309.948,383.000)[1,12]
38  (275.111,383.000)[1,12]
39  (248.005,383.000)[1,12]
40  (226.311,383.000)[1,12]
41  (208.552,383.000)[1,12]
42  (193.744,383.000)[1,12]
43  (181.207,383.000)[1,12]
44  (170.454,383.000)[1,12]
45  (161.128,383.000)[1,12]
46  (152.961,383.000)[1,12]
47  (145.750,383.000)[1,12]
48  (139.334,383.000)[1,12]
49  (133.588,383.000)[1,12]
50  (128.412,383.000)[1,12]
51  (123.724,383.000)[1,12]
52  (119.457,383.000)[1,12]
53  (115.558,383.000)[1,12]
54  (111.979,383.000)[1,12]
55  (108.682,383.000)[1,12]
56  (105.635,383.000)[1,12]
57  (102.810,383.000)[1,12]
58  (100.183,383.000)[1,12]
59  (97.734,383.000)[1,12]
60  (95.445,383.000)[1,12]

player:( 32, 400)
 0  (91.713,416.000)[1,12]
 1  (93.867,416.000)[1,12]
 2  (96.173,416.000)[1,12]
 3  (98.645,416.000)[1,12]
 4  (101.304,416.000)[1,12]
 5  (104.171,416.000)[1,12]
 6  (107.274,416.000)[1,12]
 7  (110.642,416.000)[1,12]
 8  (114.313,416.000)[1,12]
 9  (118.328,416.000)[1,12]
10  (122.741,416.000)[1,12]
11  (127.612,416.000)[1,12]
12  (133.020,416.000)[1,12]
13  (139.059,416.000)[1,12]
14  (145.846,416.000)[1,12]
15  (153.532,416.000)[1,12]
16  (162.309,416.000)[1,12]
17  (172.430,416.000)[1,12]
18  (184.230,416.000)[1,12]
19  (198.166,416.000)[1,12]
20  (214.881,416.000)[1,12]
21  (235.300,416.000)[1,12]
22  (260.811,416.000)[1,12]
23  (293.598,416.000)[1,12]
24  (337.298,416.000)[1,12]
25  (398.460,416.000)[1,12]
26  (490.179,416.000)[1,12]
27  (643.012,416.000)[1,12]
28  (948.629,416.000)[1,12]
29  (1865.466,416.000)[1,12]
30  (1865.466,416.000)[1,12]
31  (1980.007,383.000)[1,12]
32  (1005.929,383.000)[1,12]
33  (681.204,383.000)[1,12]
34  (518.816,383.000)[1,12]
35  (421.364,383.000)[1,12]
36  (356.379,383.000)[1,12]
37  (309.948,383.000)[1,12]
38  (275.111,383.000)[1,12]
39  (248.005,383.000)[1,12]
40  (226.311,383.000)[1,12]
41  (208.552,383.000)[1,12]
42  (193.744,383.000)[1,12]
43  (181.207,383.000)[1,12]
44  (170.454,383.000)[1,12]
45  (161.128,383.000)[1,12]
46  (152.961,383.000)[1,12]
47  (145.750,383.000)[1,12]
48  (139.334,383.000)[1,12]
49  (133.588,383.000)[1,12]
50  (128.412,383.000)[1,12]
51  (123.724,383.000)[1,12]
52  (119.457,383.000)[1,12]
53  (115.558,383.000)[1,12]
54  (111.979,383.000)[1,12]
55  (108.682,383.000)[1,12]
56  (105.635,383.000)[1,12]
57  (102.810,383.000)[1,12]
58  (100.183,383.000)[1,12]
59  (97.734,383.000)[1,12]
60  (95.445,383.000)[1,12]

player:( 32, 400)
 0  (91.713,416.000)[1,12]
 1  (93.867,416.000)[1,12]
 2  (96.173,416.000)[1,12]
 3  (98.645,416.000)[1,12]
 4  (101.304,416.000)[1,12]
 5  (104.171,416.000)[1,12]
 6  (107.274,416.000)[1,12]
 7  (110.642,416.000)[1,12]
 8  (114.313,416.000)[1,12]
 9  (118.328,416.000)[1,12]
10  (122.741,416.000)[1,12]
11  (127.612,416.000)[1,12]
12  (133.020,416.000)[1,12]
13  (139.059,416.000)[1,12]
14  (145.846,416.000)[1,12]
15  (153.532,416.000)[1,12]
16  (162.309,416.000)[1,12]
17  (172.430,416.000)[1,12]
18  (184.230,416.000)[1,12]
19  (198.166,416.000)[1,12]
20  (214.881,416.000)[1,12]
21  (235.300,416.000)[1,12]
22  (260.811,416.000)[1,12]
23  (293.598,416.000)[1,12]
24  (337.298,416.000)[1,12]
25  (398.460,416.000)[1,12]
26  (490.179,416.000)[1,12]
27  (643.012,416.000)[1,12]
28  (948.629,416.000)[1,12]
29  (1865.466,416.000)[1,12]
30  (1865.466,416.000)[1,12]
31  (1980.007,383.000)[1,12]
32  (1005.929,383.000)[1,12]
33  (681.204,383.000)[1,12]
34  (518.816,383.000)[1,12]
35  (421.364,383.000)[1,12]
36  (356.379,383.000)[1,12]
37  (309.948,383.000)[1,12]
38  (275.111,383.000)[1,12]
39  (248.005,383.000)[1,12]
40  (226.311,383.000)[1,12]
41  (208.552,383.000)[1,12]
42  (193.744,383.000)[1,12]
43  (181.207,383.000)[1,12]
44  (170.454,383.000)[1,12]
45  (161.128,383.000)[1,12]
46  (152.961,383.000)[1,12]
47  (145.750,383.000)[1,12]
48  (139.334,383.000)[1,12]
49  (133.588,383.000)[1,12]
50  (128.412,383.000)[1,12]
51  (123.724,383.000)[1,12]
52  (119.457,383.000)[1,12]
53  (115.558,383.000)[1,12]
54  (111.979,383.000)[1,12]
55  (108.682,383.000)[1,12]
56  (105.635,383.000)[1,12]
57  (102.810,383.000)[1,12]
58  (100.183,383.000)[1,12]
59  (97.734,383.000)[1,12]
60  (95.445,383.000)[1,12]

player:( 32, 400)
 0  (91.713,416.000)[1,12]
 1  (93.867,416.000)[1,12]
 2  (96.173,416.000)[1,12]
 3  (98.645,416.000)[1,12]
 4  (101.304,416.000)[1,12]
 5  (104.171,416.000)[1,12]
 6  (107.274,416.000)[1,12]
 7  (110.642,416.000)[1,12]
 8  (114.313,416.000)[1,12]
 9  (118.328,416.000)[1,12]
10  (122.741,416.000)[1,12]
11  (127.612,416.000)[1,12]
12  (133.020,416.000)[1,12]
13  (139.059,416.000)[1,12]
14  (145.846,416.000)[1,12]
15  (153.532,416.000)[1,12]
16  (162.309,416.000)[1,12]
17  (172.430,416.000)[1,12]
18  (184.230,416.000)[1,12]
19  (198.166,416.000)[1,12]
20  (214.881,416.000)[1,12]
21  (235.300,416.000)[1,12]
22  (260.811,416.000)[1,12]
23  (293.598,416.000)[1,12]
24  (337.298,416.000)[1,12]
25  (398.460,416.000)[1,12]
26  (490.179,416.000)[1,12]
27  (643.012,416.000)[1,12]
28  (948.629,416.000)[1,12]
29  (1865.466,416.000)[1,12]
30  (1865.466,416.000)[1,12]
31  (1980.007,383.000)[1,12]
32  (1005.929,383.000)[1,12]
33  (681.204,383.000)[1,12]
34  (518.816,383.000)[1,12]
35  (421.364,383.000)[1,12]
36  (356.379,383.000)[1,12]
37  (309.948,383.000)[1,12]
38  (275.111,383.000)[1,12]
39  (248.005,383.000)[1,12]
40  (226.311,383.000)[1,12]
41  (208.552,383.000)[1,12]
42  (193.744,383.000)[1,12]
43  (181.207,383.000)[1,12]
44  (170.454,383.000)[1,12]
45  (161.128,383.000)[1,12]
46  (152.961,383.000)[1,12]
47  (145.750,383.000)[1,12]
48  (139.334,383.000)[1,12]
49  (133.588,383.000)[1,12]
50  (128.412,383.000)[1,12]
51  (123.724,383.000)[1,12]
52  (119.457,383.000)[1,12]
53  (115.558,383.000)[1,12]
54  (111.979,383.000)[1,12]
55  (108.682,383.000)[1,12]
56  (105.635,383.000)[1,12]
57  (102.810,383.000)[1,12]
58  (100.183,383.000)[1,12]
59  (97.734,383.000)[1,12]
60  (95.445,383.000)[1,12]

player:( 32, 400)
 0  (91.713,416.000)[1,12]
 1  (93.867,416.000)[1,12]
 2  (96.173,416.000)[1,12]
 3  (98.645,416.000)[1,12]
 4  (101.304,416.000)[1,12]
 5  (104.171,416.000)[1,12]
 6  (107.274,416.000)[1,12]
 7  (110.642,416.000)[1,12]
 8  (114.313,416.000)[1,12]
 9  (118.328,416.000)[1,12]
10  (122.741,416.000)[1,12]
11  (127.612,416.000)[1,12]
12  (133.020,416.000)[1,12]
13  (139.059,416.000)[1,12]
14  (145.846,416.000)[1,12]
15  (153.532,416.000)[1,12]
16  (162.309,416.000)[1,12]
17  (172.430,416.000)[1,12]
18  (184.230,416.000)[1,12]
19  (198.166,416.000)[1,12]
20  (214.881,416.000)[1,12]
21  (235.300,416.000)[1,12]
22  (260.811,416.000)[1,12]
23  (293.598,416.000)[1,12]
24  (337.298,416.000)[1,12]
25  (398.460,416.000)[1,12]
26  (490.179,416.000)[1,12]
27  (643.012,416.000)[1,12]
28  (948.629,416.000)[1,12]
29  (1865.466,416.000)[1,12]
30  (1865.466,416.000)[1,12]
31  (1980.007,383.000)[1,12]
32  (1005.929,383.000)[1,12]
33  (681.204,383.000)[1,12]
34  (518.816,383.000)[1,12]
35  (421.364,383.000)[1,12]
36  (356.379,383.000)[1,12]
37  (309.948,383.000)[1,12]
38  (275.111,383.000)[1,12]
39  (248.005,383.000)[1,12]
40  (226.311,383.000)[1,12]
41  (208.552,383.000)[1,12]
42  (193.744,383.000)[1,12]
43  (181.207,383.000)[1,12]
44  (170.454,383.000)[1,12]
45  (161.128,383.000)[1,12]
46  (152.961,383.000)[1,12]
47  (145.750,383.000)[1,12]
48  (139.334,383.000)[1,12]
49  (133.588,383.000)[1,12]
50  (128.412,383.000)[1,12]
51  (123.724,383.000)[1,12]
52  (119.457,383.000)[1,12]
53  (115.558,383.000)[1,12]
54  (111.979,383.000)[1,12]
55  (108.682,383.000)[1,12]
56  (105.635,383.000)[1,12]
57  (102.810,383.000)[1,12]
58  (100.183,383.000)[1,12]
59  (97.734,383.000)[1,12]
60  (95.445,383.000)[1,12]

player:( 32, 400)
 0  (91.713,416.000)[1,12]
 1  (93.867,416.000)[1,12]
 2  (96.173,416.000)[1,12]
 3  (98.645,416.000)[1,12]
 4  (101.304,416.000)[1,12]
 5  (104.171,416.000)[1,12]
 6  (107.274,416.000)[1,12]
 7  (110.642,416.000)[1,12]
 8  (114.313,416.000)[1,12]
 9  (118.328,416.000)[1,12]
10  (122.741,416.000)[1,12]
11  (127.612,416.000)[1,12]
12  (133.020,416.000)[1,12]
13  (139.059,416.000)[1,12]
14  (145.846,416.000)[1,12]
15  (153.532,416.000)[1,12]
16  (162.309,416.000)[1,12]
17  (172.430,416.000)[1,12]
18  (184.230,416.000)[1,12]
19  (198.166,416.000)[1,12]
20  (214.881,416.000)[1,12]
21  (235.300,416.000)[1,12]
22  (260.811,416.000)[1,12]
23  (293.598,416.000)[1,12]
24  (337.298,416.000)[1,12]
25  (398.460,416.000)[1,12]
26  (490.179,416.000)[1,12]
27  (643.012,416.000)[1,12]
28  (948.629,416.000)[1,12]
29  (1865.466,416.000)[1,12]
30  (1865.466,416.000)[1,12]
31  (1980.007,383.000)[1,12]
32  (1005.929,383.000)[1,12]
33  (681.204,383.000)[1,12]
34  (518.816,383.000)[1,12]
35  (421.364,383.000)[1,12]
36  (356.379,383.000)[1,12]
37  (309.948,383.000)[1,12]
38  (275.111,383.000)[1,12]
39  (248.005,383.000)[1,12]
40  (226.311,383.000)[1,12]
41  (208.552,383.000)[1,12]
42  (193.744,383.000)[1,12]
43  (181.207,383.000)[1,12]
44  (170.454,383.000)[1,12]
45  (161.128,383.000)[1,12]
46  (152.961,383.000)[1,12]
47  (145.750,383.000)[1,12]
48  (139.334,383.000)[1,12]
49  (133.588,383.000)[1,12]
50  (128.412,383.000)[1,12]
51  (123.724,383.000)[1,12]
52  (119.457,383.000)[1,12]
53  (115.558,383.000)[1,12]
54  (111.979,383.000)[1,12]
55  (108.682,383.000)[1,12]
56  (105.635,383.000)[1,12]
57  (102.810,383.000)[1,12]
58  (100.183,383.000)[1,12]
59  (97.734,383.000)[1,12]
60  (95.445,383.000)[1,12]

player:( 32, 400)
 0  (91.713,416.000)[1,12]
 1  (93.867,416.000)[1,12]
 2  (96.173,416.000)[1,12]
 3  (98.645,416.000)[1,12]
 4  (101.304,416.000)[1,12]
 5  (104.171,416.000)[1,12]
 6  (107.274,416.000)[1,12]
 7  (110.642,416.000)[1,12]
 8  (114.313,416.000)[1,12]
 9  (118.328,416.000)[1,12]
10  (122.741,416.000)[1,12]
11  (127.612,416.000)[1,12]
12  (133.020,416.000)[1,12]
13  (139.059,416.000)[1,12]
14  (145.846,416.000)[1,12]
15  (153.532,416.000)[1,12]
16  (162.309,416.000)[1,12]
17  (172.430,416.000)[1,12]
18  (184.230,416.000)[1,12]
19  (198.166,416.000)[1,12]
20  (214.881,416.000)[1,12]
21  (235.300,416.000)[1,12]
22  (260.811,416.000)[1,12]
23  (293.598,416.000)[1,12]
24  (337.298,416.000)[1,12]
25  (398.460,416.000)[1,12]
26  (490.179,416.000)[1,12]
27  (643.012,416.000)[1,12]
28  (948.629,416.000)[1,12]
29  (1865.466,416.000)[1,12]
30  (1865.466,416.000)[1,12]
31  (1980.007,383.000)[1,12]
32  (1005.929,383.000)[1,12]
33  (681.204,383.000)[1,12]
34  (518.816,383.000)[1,12]
35  (421.364,383.000)[1,12]
36  (356.379,383.000)[1,12]
37  (309.948,383.000)[1,12]
38  (275.111,383.000)[1,12]
39  (248.005,383.000)[1,12]
40  (226.311,383.000)[1,12]
41  (208.552,383.000)[1,12]
42  (193.744,383.000)[1,12]
43  (181.207,383.000)[1,12]
44  (170.454,383.000)[1,12]
45  (161.128,383.000)[1,12]
46  (152.961,383.000)[1,12]
47  (145.750,383.000)[1,12]
48  (139.334,383.000)[1,12]
49  (133.588,383.000)[1,12]
50  (128.412,383.000)[1,12]
51  (123.724,383.000)[1,12]
52  (119.457,383.000)[1,12]
53  (115.558,383.000)[1,12]
54  (111.979,383.000)[1,12]
55  (108.682,383.000)[1,12]
56  (105.635,383.000)[1,12]
57  (102.810,383.000)[1,12]
58  (100.183,383.000)[1,12]
59  (97.734,383.000)[1,12]
60  (95.445,383.000)[1,12]

player:( 32, 400)
 0  (91.713,416.000)[1,12]
 1  (93.867,416.000)[1,12]
 2  (96.173,416.000)[1,12]
 3  (98.645,416.000)[1,12]
 4  (101.304,416.000)[1,12]
 5  (104.171,416.000)[1,12]
 6  (107.274,416.000)[1,12]
 7  (110.642,416.000)[1,12]
 8  (114.313,416.000)[1,12]
 9  (118.328,416.000)[1,12]
10  (122.741,416.000)[1,12]
11  (127.612,416.000)[1,12]
12  (133.020,416.000)[1,12]
13  (139.059,416.000)[1,12]
14  (145.846,416.000)[1,12]
15  (153.532,416.000)[1,12]
16  (162.309,416.000)[1,12]
17  (172.430,416.000)[1,12]
18  (184.230,416.000)[1,12]
19  (198.166,416.000)[1,12]
20  (214.881,416.000)[1,12]
21  (235.300,416.000)[1,12]
22  (260.811,416.000)[1,12]
23  (293.598,416.000)[1,12]
24  (337.298,416.000)[1,12]
25  (398.460,416.000)[1,12]
26  (490.179,416.000)[1,12]
27  (643.012,416.000)[1,12]
28  (948.629,416.000)[1,12]
29  (1865.466,416.000)[1,12]
30  (1865.466,416.000)[1,12]
31  (1980.007,383.000)[1,12]
32  (1005.929,383.000)[1,12]
33  (681.204,383.000)[1,12]
34  (518.816,383.000)[1,12]
35  (421.364,383.000)[1,12]
36  (356.379,383.000)[1,12]
37  (309.948,383.000)[1,12]
38  (275.111,383.000)[1,12]
39  (248.005,383.000)[1,12]
40  (226.311,383.000)[1,12]
41  (208.552,383.000)[1,12]
42  (193.744,383.000)[1,12]
43  (181.207,383.000)[1,12]
44  (170.454,383.000)[1,12]
45  (161.128,383.000)[1,12]
46  (152.961,383.000)[1,12]
47  (145.750,383.000)[1,12]
48  (139.334,383.000)[1,12]
49  (133.588,383.000)[1,12]
50  (128.412,383.000)[1,12]
51  (123.724,383.000)[1,12]
52  (119.457,383.000)[1,12]
53  (115.558,383.000)[1,12]
54  (111.979,383.000)[1,12]
55  (108.682,383.000)[1,12]
56  (105.635,383.000)[1,12]
57  (102.810,383.000)[1,12]
58  (100.183,383.000)[1,12]
59  (97.734,383.000)[1,12]
60  (95.445,383.000)[1,12]

